Please enter the number of rows: Please enter the number of columns: Enter Matrix A
Enter Matrix B
A + B = 
513 -76 67 93 -1697 -489 -489 498 -1608 -1512 1052 -939 207 833 -570 480 -390 
1524 -916 -41 60 545 863 1218 -817 -568 -492 1012 234 -818 760 343 112 -711 
-912 -266 948 -109 407 -812 -1365 -1205 453 -596 -762 -1643 347 385 -979 -169 422 
547 275 -213 -984 -3 1574 599 1075 1389 -1343 280 -333 527 224 -96 -1389 -731 
168 599 1415 -891 -315 -438 -1232 -1318 -60 223 690 126 -521 416 -399 -952 -863 
1455 34 -1354 821 -1423 1031 666 790 11 536 -503 29 951 981 -253 666 -1307 
-1407 551 64 -219 -639 167 657 -714 -1050 -1028 -48 1006 637 1234 347 -344 -1100 
801 -675 279 303 -1572 -204 276 147 1546 -1228 736 130 244 -971 -1192 466 -1459 
-93 -420 -189 -193 -41 -1470 -1015 -139 -1098 186 1053 493 1155 1756 374 1030 88 
124 163 635 481 -324 1032 533 528 -1410 1154 842 1023 -200 420 418 1121 1015 
5 -352 -150 24 -757 -819 -642 -965 -71 1209 115 1195 1229 160 -203 420 -624 
-374 -56 1365 1047 -899 433 1126 -407 713 636 -687 -114 833 920 -1252 -922 856 
-168 -1004 1402 -967 1382 1245 -474 1772 -276 -525 -1222 1481 -947 985 -1685 330 247 
-699 -71 -507 -1230 -1053 -585 883 -672 -1295 257 525 1548 -1514 439 349 -910 -1287 
-469 -1378 1368 185 759 -117 139 -508 797 -741 -1067 -568 -656 941 1408 -1452 -466 
3 -92 689 -273 -543 -211 -366 1556 -190 894 -1017 1737 536 877 488 557 -396 
-1163 -556 -709 378 -360 1095 426 98 454 368 -37 590 -814 -1485 825 -631 280 
-1263 -256 -1403 -1678 715 -111 480 -1357 -1169 1126 -994 -709 -253 1098 -158 -638 -313 
-880 -838 1629 74 -1736 415 -221 -42 231 826 125 -1680 1198 3 1243 -144 -731 
308 467 1544 350 553 -260 -1104 -150 -247 889 455 1460 784 -510 -812 -798 708 
