Please enter the number of rows: Please enter the number of columns: Enter Matrix A
Enter Matrix B
A + B = 
1100 937 1209 -893 596 -1357 532 -352 696 458 -720 1251 282 -1728 -307 -658 -108 -192 34 849 434 378 872 629 810 160 -725 1022 -1520 813 297 -1531 -272 173 592 -74 1180 188 -1465 -1067 761 895 -767 -1532 959 1163 -472 -1771 -898 1041 1036 347 560 833 46 499 -330 1084 -251 -210 896 1458 -232 -1072 793 253 184 -1430 1108 318 315 -1450 120 726 -500 -579 311 -966 120 139 67 1093 -374 -90 122 -1516 -409 -783 451 1240 531 -830 -863 119 704 -521 202 133 -464 -654 
841 1177 -1623 -703 1160 -310 -1288 726 -1317 1025 904 837 -1585 -814 -591 1342 434 1598 -97 59 -109 -1073 -106 -793 -635 948 944 18 -842 269 1081 208 -143 -1012 -23 191 -503 -147 566 -239 -733 68 39 456 645 -660 390 -1099 -713 100 -498 -844 -120 164 8 1274 -531 177 7 -814 1071 377 -592 212 -497 -679 -356 450 105 240 -1199 -330 -810 -1409 -1066 90 -800 1134 1211 -617 -222 -425 -628 -1736 403 -204 -720 77 1475 -364 413 1375 -1473 -38 -524 1455 -746 550 512 -1355 
1672 421 1191 159 843 1242 -567 -1647 -65 -1355 919 -1095 415 -1073 -1129 -1135 -679 1175 -688 590 -118 447 625 916 646 -583 -1441 528 1 -921 215 -37 206 -526 -972 766 262 -47 609 1036 1389 652 -1505 -500 -414 939 1261 -636 -127 -1187 1769 -80 1342 715 -208 -304 -876 -43 241 4 -730 -1040 -502 901 111 -1258 964 -664 -1653 -566 1387 -421 327 -57 -1056 949 -1194 -1039 676 -701 -71 -628 -679 1285 897 -141 810 273 97 292 796 -844 -1011 349 1133 -1090 -83 -551 -78 -515 
243 774 -924 -875 -235 584 -1643 706 450 569 896 -1134 422 96 220 -185 -1262 93 1430 -779 -608 -591 -1621 -421 752 -942 666 -4 429 -1099 207 170 361 40 1530 141 -1357 -1146 -27 860 -627 859 337 1643 -608 526 179 -234 411 198 754 -640 -50 1287 -94 86 168 -1059 640 -914 -863 -1926 1173 189 191 375 209 466 986 1213 -104 -278 -630 172 -897 281 -195 -148 506 -1034 1534 1200 -736 -433 -152 1504 223 298 -309 337 -1851 573 649 -642 -1393 407 221 -142 -279 1463 
-421 -1102 -838 -504 37 792 -568 185 461 400 404 515 -440 240 125 -242 -381 -899 1038 -203 941 -142 841 -477 -1299 -192 -202 1486 -226 -1087 -1279 1111 -586 866 758 760 373 -296 1714 469 1550 1214 -1365 -253 -74 -1551 557 81 -759 -1449 -415 -1042 350 917 675 427 1040 -54 -683 -427 -491 544 -142 -1506 -411 -1335 -363 557 -100 -616 285 -482 -594 330 -1176 -354 464 1314 -601 767 105 -443 -129 -225 -59 -20 1572 1136 1304 1478 -121 410 -582 -1486 -106 707 1864 -441 945 -1476 
-336 322 821 496 1312 -1202 791 1413 1210 26 -65 -1295 1389 788 659 -1930 4 293 -546 421 1103 -1491 298 -2 75 293 -182 140 -1247 812 92 -517 86 13 -864 -1309 -245 -176 -974 -42 -660 -9 -884 -1797 -1093 -714 -1026 159 556 1011 75 -249 34 510 173 617 -397 1417 1 -786 -207 786 214 506 -1104 213 396 -450 -57 -943 -499 -23 -652 1593 799 -927 -532 150 -1 159 -503 -249 -1360 -145 849 1259 282 608 -1142 -528 -781 531 408 -48 332 1342 -706 1729 109 339 
-1071 -268 73 -1679 957 -945 -1051 1362 754 507 354 -103 474 213 -41 178 252 253 312 1120 -1247 377 1038 -187 -544 1709 1179 1953 -640 1295 129 -1473 969 228 533 546 551 673 1224 1208 -690 772 285 966 306 1532 -663 831 -95 1015 -902 -219 -1220 1177 174 838 -1062 704 -239 -641 -241 -265 -164 595 1487 34 -1451 101 -890 -893 -454 586 1594 749 -524 315 -787 -722 680 1158 1253 1409 -912 -829 -618 -12 1107 1097 -481 811 -325 -999 772 -552 -359 -387 -985 242 701 -1399 
1177 -309 -1673 1164 1058 131 982 1741 1069 -219 -263 -340 705 -527 -466 1133 -814 1216 46 -1121 1622 1132 301 -890 1452 155 271 323 -1101 -1151 -1136 -645 356 603 -134 -630 -650 -401 -76 871 -853 -1727 1772 -74 -629 -87 -236 335 24 418 -933 -1773 977 -547 30 -766 1667 1146 17 -1212 163 432 117 -14 -807 286 951 -131 -1666 -636 -679 -10 -860 514 -169 -716 386 5 -80 -319 -30 898 -30 -1101 -83 -22 1496 -1008 207 909 -132 -676 498 -601 877 -1102 -898 -47 -1128 890 
652 909 -1581 -621 436 92 554 152 761 961 155 -990 725 40 131 -1181 136 -369 198 124 -514 -770 1176 1297 -970 1656 1373 425 -168 -984 572 587 1183 -1549 20 152 55 262 1190 -1468 -1501 -104 1218 1196 -103 -52 314 792 53 -925 1768 1320 -697 555 1029 120 -666 602 876 -158 639 1378 -203 -101 -882 -231 -1279 1501 -322 358 436 437 97 -827 -95 -1186 12 66 448 1117 614 199 -1007 1031 -812 -241 1066 150 -661 -144 121 1675 -872 729 567 1366 -489 -933 -498 1694 
618 515 -809 -295 582 1228 -139 105 12 1123 33 -120 127 108 -1359 1803 19 582 1418 1408 575 -1508 -267 451 -393 402 -1097 -1040 -484 -330 351 892 282 -1087 -1266 880 11 413 104 -827 -1759 144 562 -930 28 -764 -432 -122 -1338 -477 488 4 189 56 765 1096 -79 953 -234 934 -16 390 -1058 -1695 -453 1685 16 528 -1252 -81 -1251 -1001 1297 371 920 401 401 962 189 -341 1809 199 -635 273 1789 1270 -1206 27 337 1590 338 904 1028 -318 -169 1379 764 362 -317 158 
700 -1349 -32 -1108 138 -162 -434 360 934 914 308 -187 -255 926 -205 1039 899 902 -425 486 -1464 12 -1223 310 -593 1080 1576 741 691 -904 66 -1650 -367 821 -662 1753 182 -207 -262 1172 586 -935 -1246 -486 187 -970 -1261 1619 -814 -393 -87 204 -810 -1041 14 702 -75 195 -244 1022 36 -1554 -166 296 -522 -1229 -434 -394 -188 -1190 488 892 -1006 -314 169 -668 -228 -601 -1307 481 -1234 687 -165 1561 -111 -454 820 -51 -867 -652 -416 -708 -401 -389 1374 -587 -1213 274 244 199 
1178 64 1388 -693 -823 -709 -677 693 -434 -909 735 958 356 -1008 -1023 503 917 532 -83 -1645 1730 -234 -463 311 -191 -1907 -18 -1316 472 1094 -1011 -940 -995 1295 1384 -1208 -445 -302 -647 13 367 -973 -1483 -830 371 411 -1090 1138 -353 941 -366 -222 -926 -87 -185 -77 1422 153 1125 1205 213 -1723 -868 408 -503 1160 1099 -447 -56 -1432 22 515 -813 786 -91 1430 -265 321 -451 -757 450 1085 491 425 -322 658 -1223 -1426 -992 -970 529 -669 418 1643 858 16 351 768 -599 -1850 
824 368 345 -1136 -1045 1411 -269 -244 247 -812 745 -1005 124 107 -575 -1138 -937 -1547 -892 128 702 1665 -1027 474 -520 -455 1407 1239 -74 1257 734 1083 977 -233 1593 623 974 -509 -484 234 -1056 185 332 -1103 -845 -1526 324 -1051 -412 615 1007 753 -484 295 264 404 1242 1486 -524 -1720 53 606 -727 81 -233 -593 -464 357 49 -213 20 845 861 11 -1004 608 364 -565 -1247 43 464 -557 887 1191 -578 -755 -71 717 -1701 1650 -74 996 -51 83 573 119 153 -1269 -731 -768 
1155 -29 -413 1678 -316 -967 1390 118 -500 -96 352 1616 488 -22 58 -597 -415 590 -415 667 -1575 -1272 265 -969 -1232 96 -1276 826 765 1017 567 1265 -1437 1112 -114 279 -455 -620 -1093 305 1213 708 473 -13 491 773 1744 -442 -215 578 579 775 448 -563 422 -1029 518 -338 -853 19 492 -345 632 1306 -207 491 850 218 112 257 141 963 -1480 515 -621 330 155 1049 244 514 -264 -666 1520 -1072 -949 1072 -250 390 177 -199 -26 -323 349 674 -1051 664 -823 169 679 247 
-246 -46 534 63 786 -279 1115 -750 -253 -858 -1055 148 65 99 0 87 -1324 -232 -644 320 -336 -388 -395 -229 161 172 716 1468 312 1486 -539 448 20 -709 1029 248 1133 19 355 1369 -614 469 -704 306 822 401 873 -927 -91 956 41 -798 -1527 828 -445 115 -171 960 -242 125 -112 997 -719 -1322 1006 468 1393 119 326 -1128 -327 -674 903 -831 182 -233 674 102 151 -1021 102 1005 214 778 -871 -910 -348 -677 -345 -427 -291 -1688 -418 -116 -680 -407 1138 -1334 -416 -104 
1396 -1455 -176 297 104 -1325 1595 664 1088 1372 -117 -64 -236 45 809 484 -360 -144 574 -788 133 -409 -241 -186 10 680 909 688 -164 1399 575 447 20 545 -437 1062 -1777 -696 -607 -1049 61 -527 -1106 81 -405 -1545 862 -712 -765 808 1361 -584 -1069 -353 -1621 -88 -767 -533 922 -1278 -886 565 954 626 -766 1055 479 -847 -239 -1109 -764 119 -628 405 1554 -703 1075 943 -295 -856 1323 -389 -195 35 -40 126 740 1166 550 737 -1309 283 -1199 -1013 -859 -690 1082 851 125 -174 
-1328 882 188 -940 -87 1176 -284 -72 1076 -1635 25 213 232 -858 340 -425 -1170 -346 909 99 80 -1032 304 669 -1431 -198 -48 -478 184 -1156 567 1484 -1260 331 177 -205 -369 -955 -1168 31 -20 -907 649 -1382 -422 531 1029 814 -1535 649 -170 -141 1536 -215 -1463 -96 366 -206 -1488 -702 -857 -323 172 -732 -143 -321 1248 1293 -89 16 1478 -651 1638 -625 68 1217 1326 -21 -979 411 1370 -28 -11 -1255 717 1197 -980 69 -1478 -902 791 1206 1428 -721 -347 -1136 -355 1176 373 538 
-927 912 1246 377 705 -1580 -254 272 -298 -317 895 831 92 299 -1269 98 -132 1832 -1033 500 -808 466 1042 -1452 -1049 179 547 -1055 1074 -265 230 -394 -202 -1361 -440 -87 -1198 113 659 -946 -594 71 558 -1126 692 1544 -1778 -221 -720 -1348 -580 -904 -561 -778 1201 -595 -299 340 -276 1226 -715 1132 431 620 639 -1394 1288 -1870 -65 807 622 -200 -161 470 778 -1462 -185 320 19 -777 -1306 -364 903 -5 407 -1054 386 245 1056 156 -231 1319 535 -345 -897 693 189 165 -14 1434 
-1060 -404 -430 264 -469 -182 -539 355 613 565 -306 1474 -267 1029 1300 694 -1097 -507 -122 -1333 -98 230 -1428 -61 -1231 39 -1634 613 -119 -418 -546 1583 355 334 -322 -410 -1867 1112 -233 1011 -1226 -260 -1298 899 69 1433 664 492 -482 -1287 -1771 -698 -42 8 1303 1401 1557 730 48 80 1004 -106 211 -1395 768 36 -1188 -1479 -741 -1238 -1698 -266 454 538 -1165 -1533 -1341 602 172 -201 740 -1254 -562 297 -660 -647 -1039 -418 -145 860 505 -527 1449 -210 529 -66 161 -285 1840 851 
188 360 -212 -90 837 83 1033 -720 207 -1604 -1095 -566 1742 1094 626 1322 -1492 -345 669 1491 338 372 -874 1739 239 395 -578 -171 -61 500 -160 197 -703 -36 -564 322 -267 53 -293 1202 1405 1105 1290 1092 381 -1271 354 416 -458 -264 -409 -1297 1200 1732 247 -611 1351 822 -94 1300 1282 -721 -711 -1356 1215 308 928 250 -1161 -1343 -289 -187 57 1242 -1488 -691 -877 -579 531 -442 -605 -998 56 -528 0 -315 906 -382 7 -1217 1483 -167 585 -874 52 -611 -1359 502 1342 27 
518 -241 51 1558 194 462 -448 -160 975 -604 182 217 1336 -1205 115 -354 -1145 -207 -829 -489 -626 325 788 667 106 -558 -217 -924 633 -922 -276 341 621 159 1767 374 625 -925 -1110 -1062 802 319 453 321 588 1437 1041 -144 -790 1520 901 900 -406 -1549 16 371 -1291 -417 447 697 990 -965 -722 -1089 -717 -1484 1240 5 -87 -616 377 -666 -179 -297 -292 -1507 -264 -750 -666 -862 24 -1008 -403 2 1884 -205 -43 -994 1768 -784 23 -982 835 -802 754 -833 1195 -629 196 570 
-119 -759 511 -183 101 -223 271 1458 -1332 111 700 37 -122 83 4 1059 33 -65 -276 674 138 53 -463 842 523 -163 1190 374 1129 757 788 -726 198 504 127 213 -618 1233 -505 -484 196 -35 -836 -652 93 -283 -258 35 -1239 -513 -197 1507 -914 816 -609 16 -99 -935 -461 404 -1538 793 -80 145 1359 -3 929 225 -138 402 -994 88 -1156 406 -1373 -935 -473 -776 158 149 -470 -103 849 -1391 1021 -300 1159 -679 1049 439 88 -433 -325 116 -797 -227 -99 -143 -1272 613 
1339 -234 357 488 -560 241 636 1549 -894 -176 409 503 927 -96 1116 -554 758 -828 -1591 -912 -248 846 144 -143 224 -963 -235 -711 265 -189 -1653 -1 1282 -684 507 951 -1441 -251 201 -439 1908 245 -1600 -24 286 -271 819 1166 -453 -1612 -382 -124 -390 1413 -522 -121 651 -432 -653 813 -77 126 536 18 -437 76 -645 -507 136 -1385 1417 617 135 -1020 99 286 605 -669 -528 -274 24 79 -1908 -1570 -1211 -153 979 -717 -76 -137 -999 -95 -825 -132 1152 1259 -33 -1013 58 167 
320 300 -760 1274 -1122 -1830 -720 433 390 -381 935 -543 -1677 -359 -1648 677 -1587 -1122 483 -521 1044 -478 427 1387 -878 389 903 -1194 -848 315 -12 744 644 -59 233 255 -30 -1264 -974 554 1339 264 1082 -1055 767 -436 1162 -505 -1387 852 -11 1738 -565 448 821 37 -328 1615 401 1002 -1193 -688 -292 264 349 983 -1155 -70 1561 278 -511 -737 1249 463 75 -462 367 -862 -134 486 -377 -228 -1307 -1910 -1569 1075 -563 511 167 134 68 -327 1612 -244 96 249 965 1183 -424 -1167 
-431 -489 -446 -1202 -362 -436 -1465 -423 1159 -146 -444 389 -85 483 -919 867 -626 -326 730 -880 -241 1275 696 -649 -881 -590 306 -218 -1 377 -821 -448 1282 303 -1024 145 1137 463 874 898 291 646 1425 743 522 584 76 -226 -236 96 -1436 1145 -1299 67 1147 341 -267 -297 392 -1023 -227 858 -663 859 -430 -365 1050 1827 137 996 -1248 48 -13 68 833 -728 -19 -174 1778 1224 1522 -223 143 -1485 865 238 -1048 -380 245 671 1077 1248 -341 -798 -1150 714 775 -1233 475 516 
-84 124 -787 -152 -639 515 -1277 1216 483 54 182 -416 -641 -1635 -862 1037 -772 1055 63 -313 744 -845 -367 -260 920 423 399 -297 1091 -1258 -535 1096 -372 -247 -1906 -977 -284 1553 179 89 538 962 -849 621 -1695 -580 -103 -1414 477 -1421 -270 -90 -663 -450 -1579 -564 1187 -766 810 -793 -974 -944 94 23 969 870 -1440 1192 -698 154 1126 -546 1332 -144 661 -179 519 245 -126 1083 -129 620 -1572 -725 268 645 -324 -323 -32 35 -946 -349 -415 -193 -464 118 831 1143 109 313 
-1525 1449 473 -498 -24 -346 375 221 195 286 -20 261 710 861 353 -1550 -422 -1567 -400 190 -1085 1478 -108 -756 -246 682 740 779 -474 404 -5 439 1030 -663 -1050 313 241 -111 -1293 -87 -987 738 -15 1268 -180 550 1202 -1047 -226 302 -182 1199 -7 42 -396 -369 -226 367 -1000 -260 385 -1579 59 -87 -1258 674 -94 -319 -1011 555 1342 -778 -335 -378 -300 528 454 -218 692 277 839 -1109 449 -1219 1560 45 -873 102 -1304 1545 -197 176 1144 443 -703 -44 -108 -492 639 -655 
-892 -362 128 1596 45 1242 1521 513 1541 -69 1483 40 -203 -671 821 1229 500 -100 615 1156 411 792 1014 1620 1366 -1223 -166 -631 799 555 30 -881 1200 -1028 30 -1771 821 1086 428 1091 -41 190 1176 -24 626 -50 166 304 523 -1460 1069 651 438 -83 -574 1146 -632 -495 190 506 -741 -800 311 -239 -1442 213 -1618 80 -101 -924 -507 -926 -1161 -178 -843 -1320 -728 -285 -748 1458 -345 440 -958 -948 190 97 -84 450 -433 564 -769 -308 1807 213 312 -751 -1665 595 -214 880 
1713 -213 1064 -1306 909 1317 1261 -1174 92 705 479 -812 -691 -198 1652 -80 -1474 -500 -590 381 -692 -139 -1249 293 -928 -1199 -86 466 -1181 240 -194 980 366 1107 71 1223 630 906 -33 1460 1149 658 809 -483 417 -225 1504 -285 349 428 -1088 -559 -327 -123 939 -961 227 -523 1285 182 457 -605 -398 332 1117 -1038 -655 902 134 1075 125 -437 863 -93 -1742 84 982 -1816 -318 3 576 1022 1391 907 -1433 1046 1059 -113 267 -1061 378 1459 1026 1059 -664 85 -148 792 -359 -634 
510 524 777 -747 -1427 -126 257 -1822 -47 -103 -837 -277 -751 -1030 -1091 1062 -1593 -115 -259 -1229 542 1633 125 -1324 1061 874 -496 749 -425 1386 -111 -31 -165 -764 -1401 -127 -610 992 50 1543 -963 491 500 619 -1354 -896 555 -588 -311 -54 -192 -629 895 1069 273 -719 -245 1 -1340 -893 -1329 170 -618 -136 -1045 -703 661 -545 946 1039 839 1365 -1242 342 183 518 -307 -176 -388 -766 126 -488 -352 892 -635 242 240 -899 1208 -630 57 -511 996 718 1797 979 219 941 517 376 
458 -313 -885 -459 -1319 100 -1155 290 582 186 312 -1105 468 456 379 703 -232 -327 -425 -321 -211 161 -572 235 689 554 1833 932 453 -1660 -41 548 372 -429 -1003 745 374 -1182 -31 -763 -455 -723 116 -1284 -39 -299 590 -332 -518 158 1103 1306 537 -880 305 -1357 -601 -1400 618 -80 -257 725 339 -1212 -752 -776 -1041 -170 889 -1331 -583 851 992 -1004 -64 1297 -1315 243 -66 11 284 -1139 -680 -512 -79 -156 696 -312 -1079 -444 -359 1565 1353 -164 143 223 -201 171 303 -285 
-387 531 1251 -1072 1097 1043 -778 -569 586 604 258 -1195 -711 -1543 799 -310 1191 -780 210 -1682 447 1344 -72 498 1431 -1545 -180 181 -1054 -755 792 -637 -964 706 -1719 -355 99 75 286 1402 670 443 117 407 -1478 347 -155 -221 -664 74 -414 1202 -834 336 -61 658 -737 -800 -1255 -110 -952 1185 -1799 50 -176 817 -541 611 29 -36 577 -243 1336 -404 540 -299 -1153 -751 781 -504 -1423 -137 -73 -851 -551 -711 -1467 1350 -467 -375 -468 77 -1371 116 -369 1801 -360 1038 -1436 -857 
-312 930 -1352 242 -47 1244 -353 -567 -137 967 497 76 149 -269 480 796 217 151 540 628 239 -585 -215 144 793 -407 -647 685 1318 -723 59 599 1265 805 82 -1850 -1409 -642 1034 -1255 -72 -107 -1285 -1692 296 416 1545 526 626 -420 -516 310 769 897 -1651 5 255 -1498 -192 1655 1121 -1085 -713 -1125 -391 257 1021 -871 -477 303 -568 -363 1225 -256 286 -724 28 825 1028 -442 537 892 1077 -615 135 549 -1687 526 1320 -257 1429 172 291 143 326 1030 -154 -483 282 -709 
-1369 -87 629 613 -1124 31 -173 639 727 359 155 -1586 286 -502 380 30 576 1730 -1428 124 1425 -6 1168 -388 -1296 -1127 250 -357 -147 1465 482 -299 -567 -644 596 124 1056 1166 993 -47 237 111 -1019 -1736 -785 5 469 -1699 1072 -186 706 312 -1418 -783 1712 578 -558 -99 1433 231 -1119 583 25 -985 -354 -1309 -41 199 -930 429 -1310 -1058 825 58 317 1215 1286 60 -252 -625 -555 103 -866 -954 -235 161 -1158 -746 -1041 -324 -639 -373 1712 141 267 954 1673 1771 257 -208 
1441 1746 -993 -209 -678 151 -767 -229 473 841 1148 1382 -1188 196 1684 -1188 -823 -86 781 357 510 364 469 -167 -578 -481 402 -250 151 81 1135 284 352 -498 1010 1888 294 101 -774 -84 -795 -774 1559 -862 497 -1005 1444 -899 463 535 548 -1350 -823 1032 -220 -141 109 703 -327 1392 -435 585 262 284 -327 195 892 -458 389 1348 638 -109 833 -546 1618 501 624 261 516 -170 11 -997 1370 414 -44 -593 467 1063 -32 606 71 -48 -99 370 -143 1373 558 -645 -932 29 
-627 483 -70 628 754 -1240 569 700 979 996 179 -422 -313 -1331 -1741 -158 -108 -191 -863 1202 973 -418 832 521 -44 117 -161 270 -1889 -954 1737 270 -505 98 297 1209 90 -782 -932 -334 -98 241 -746 -1614 890 353 390 23 520 303 -1405 -226 -1742 132 -1470 -230 -1050 -402 -239 321 1663 939 1421 171 397 809 140 -610 -1672 94 -45 -298 -579 1537 296 -477 190 -916 -657 -134 1424 -95 -1255 187 1039 -43 1097 1149 -1189 -151 -393 695 -1572 934 1232 -931 382 1023 -186 168 
233 950 -1156 308 685 -309 260 1243 659 -358 1067 781 1597 792 1257 538 24 279 -786 407 13 -310 -1567 496 -1318 -787 970 194 1182 -427 176 34 -1346 820 1144 532 -275 349 465 -583 -574 917 -1301 -1389 1623 -199 -925 546 416 995 261 765 845 1158 -768 -284 -333 1303 1050 15 -851 -1834 1495 -543 -728 -660 -1156 14 -651 129 672 -1073 -987 941 525 -1188 626 -246 -230 -606 -153 -983 447 -603 -1008 -45 -1277 -789 712 -609 233 1168 -1355 477 590 -785 1054 504 -672 -849 
-949 650 956 814 172 -536 -446 -835 -471 -566 512 -1442 -1213 262 -304 -1296 1349 -1161 -781 -207 1155 341 -1204 864 1063 10 -576 635 732 -494 -350 -615 861 1133 -35 300 940 -303 -911 220 -333 388 -1403 -323 -687 268 968 1051 -834 31 398 -1243 -5 133 -380 1083 327 -1074 -868 1230 88 -331 -167 446 107 -605 582 -918 -1399 -449 1116 -198 -836 97 -906 1175 -55 314 -190 -1166 -870 -1121 1199 690 -948 -639 -382 -424 -166 -648 1015 94 -665 1207 -335 -426 -1427 936 517 -403 
468 -265 -626 -680 1087 1076 -1770 -353 -870 207 92 -559 -518 750 -2 605 -607 -181 -713 -95 -1302 -41 -938 1162 573 985 -339 -143 87 -595 529 1628 -1056 390 669 -702 639 874 1374 38 276 570 -8 82 -269 -203 21 -152 697 898 1231 -725 -457 -1264 -1680 24 -444 -842 639 560 845 -402 -913 314 -455 906 395 116 -6 831 677 1563 1460 338 173 -1544 123 -221 789 -1194 555 5 -373 -1525 11 801 -999 -262 930 2 -877 1315 1536 -1208 198 444 -1072 315 -120 -780 
-697 537 -6 -48 -1361 1217 1270 -689 658 1661 314 -917 1695 -31 989 -79 712 231 1588 346 -1140 707 -608 -337 -1299 284 -134 -1417 -488 457 -183 939 -174 1815 -312 78 -217 -1140 -1037 -294 -193 396 102 1337 -1061 1683 -1131 -1102 182 -1506 -9 358 -90 357 266 1202 -1168 1659 1679 -751 -1633 -614 148 -1330 -98 478 761 1793 669 1067 117 764 -1134 -808 976 718 1662 773 730 -924 -1236 278 665 -1794 1860 115 -432 908 -900 -225 -960 -118 -445 621 32 675 856 -155 -768 1527 
-866 642 23 -374 -778 600 77 372 -990 -116 511 1416 -169 58 696 573 -540 -1948 1276 -1224 17 768 788 -796 710 97 -431 -803 557 -593 -787 442 -1115 -169 -1012 -528 723 508 351 -1556 -164 -442 -231 -782 -1172 1420 -1215 975 -108 835 177 -1260 -823 -583 1187 1183 -115 -447 1029 620 -496 -627 1347 -917 548 127 -23 317 -615 -1376 -1202 -676 -1590 -418 1672 -346 -1189 275 -1390 865 433 22 -105 88 1258 508 736 268 296 1561 242 0 -1107 49 -725 59 452 -1231 360 1178 
915 -867 -959 553 -1194 450 -9 -290 412 -1389 -1707 752 -799 127 862 -438 -485 -1353 343 -1035 -939 1160 609 -203 636 -755 1344 556 -114 433 -73 129 508 268 -531 1273 -831 432 -459 -304 416 -699 -259 -573 -1651 -701 -609 -517 -296 862 -1787 554 1476 -346 -678 -1403 108 -264 -716 522 -1305 122 -512 -823 210 458 457 102 -1186 1023 -118 -1920 -168 1265 133 217 -644 736 130 1005 1152 -379 -1130 1144 -594 750 917 -426 -10 1616 333 531 -441 -1503 -1633 -994 -971 784 -1089 164 
768 -364 743 1369 -1101 1213 -423 -78 -637 -140 -1282 -263 -720 428 1013 -155 1117 827 -526 263 501 1466 24 137 1366 408 -723 -18 -846 -1089 1916 364 -87 747 470 673 256 -908 -1247 -1006 -753 -1240 -243 -442 1380 -1466 -730 598 474 -33 612 -758 237 -1191 -758 -57 -1725 399 866 -604 489 321 -274 -1096 -766 1067 -64 612 313 -442 -1454 -334 170 -502 1220 1102 -1897 121 1497 -923 150 -617 -1438 -432 332 298 862 1021 -1535 524 -778 3 -357 106 -1676 -1163 682 -1595 901 570 
-1128 475 1367 435 -336 -265 602 335 179 -1267 -883 -670 292 917 1463 391 329 904 108 -349 534 -277 -732 1155 -23 777 -87 -814 -881 -388 1133 -1025 973 694 -292 978 1310 -940 -817 122 110 -213 205 1098 -299 -642 224 1300 1753 553 18 -639 -588 -450 -535 1027 1141 1848 791 464 488 -575 -429 810 778 -215 759 -497 851 251 1554 934 144 497 -1069 735 -854 850 847 -636 -831 389 -796 -87 532 -434 -1172 -32 455 861 -732 -1465 -78 -1389 115 376 -96 554 -13 -347 
-295 708 -241 480 -673 -532 328 886 -743 504 -48 1081 -875 -104 906 1106 -588 773 -113 1423 -955 -771 -825 -219 -1329 1277 948 418 889 156 662 -618 -403 521 -8 -1083 792 -723 -573 -81 817 -115 148 280 669 -1156 -800 -1430 1712 1517 1263 -499 -87 668 -371 -90 -975 -89 -662 -555 996 -694 188 -423 -112 -299 203 -1280 303 1070 -238 1272 -728 -1380 465 567 55 -75 1090 1070 -511 973 -93 -1138 -532 -542 1227 -409 158 816 -319 95 -55 -688 645 1024 -1062 -330 -704 598 
-777 -939 1746 814 677 609 -1176 -271 1165 -1693 1169 -274 532 -88 126 730 1747 -193 -581 -794 37 741 -1661 -813 117 544 -287 -1287 77 1074 -505 185 569 -1613 -292 -1225 -446 129 1181 530 -150 -1179 -41 607 381 -1278 1411 -38 -213 -321 199 -419 315 -384 227 929 -49 247 1147 1201 -484 -1332 -735 -510 584 -767 1426 -74 750 1088 -394 684 -727 -1060 -323 816 326 -358 -7 1286 1351 -111 827 -426 1566 66 680 -103 -1347 -208 -57 -70 -1708 1686 61 553 929 -114 -1391 54 
-1318 -559 320 -1569 -1052 321 -759 -406 466 815 860 -786 1322 -561 473 833 -426 1230 -676 754 1053 -795 835 -132 -1041 -263 794 390 -657 1254 596 690 243 159 -880 -890 -529 -28 -580 -799 -565 125 -1618 -464 1664 -25 857 -188 409 -640 -1485 -1110 -648 402 -236 610 -330 -89 -161 -293 -597 -1634 82 -674 605 1047 -1169 361 1260 567 -1568 -638 913 202 -1490 -254 1309 -1014 483 -25 538 -1286 546 -669 639 -763 -24 941 294 -745 -505 -1569 -491 1499 -899 318 106 478 601 -347 
111 390 -33 531 -28 -821 1393 1024 -1331 -780 781 565 -145 -1091 1071 541 -849 613 635 -781 851 554 -98 740 -770 1277 -947 265 -1741 481 -1658 264 271 1215 -430 1075 -1038 -277 -1177 185 -570 -682 -629 -767 -293 -512 245 527 99 -1098 589 -777 246 -798 631 509 -1240 -800 -135 -1734 766 -554 -968 -411 -377 -1022 -775 -324 -1183 526 -1765 800 1281 -258 -785 -493 801 821 1414 817 745 -365 800 -465 356 -807 1073 -568 -648 -1166 511 -464 269 -876 -661 175 -440 921 -1012 -820 
-1727 -1150 -561 371 1566 47 380 1622 -1046 -17 -848 1119 60 141 -412 -459 887 270 966 -1694 306 80 -1038 -1628 -963 851 1214 -257 732 -957 758 -1243 509 452 -1060 -1284 834 1570 -1074 623 -1785 414 824 464 -905 -722 312 -281 -158 1371 189 -768 1146 -925 -592 1667 533 -1390 507 249 906 -1013 -145 809 1349 -625 -1521 149 232 121 -783 918 -170 14 -784 -458 -1266 -232 152 894 1386 225 120 -1613 562 538 1401 -137 -629 -646 -1893 -202 727 1240 -1936 -799 1054 -916 389 -741 
637 930 -788 -390 329 893 -143 -561 277 1228 441 811 321 169 237 272 520 -962 1371 61 45 -534 484 440 -120 875 853 -970 -321 -556 -431 1129 -507 593 -1070 1226 295 -516 -1420 -472 -259 940 -39 -705 -617 246 -194 49 716 554 -1141 -178 408 -263 514 1614 1527 132 -244 -1576 1082 -269 814 1219 504 369 74 -1499 289 40 -235 749 683 471 260 916 -600 1518 781 -342 -1143 71 -1347 475 207 -77 242 417 944 -955 -1035 -229 1251 -1495 -557 137 -680 448 771 483 
-957 1353 78 -690 208 -983 -103 -30 53 -917 1319 519 879 639 -367 1171 -1208 847 -545 -392 97 318 560 985 146 -561 682 -1135 -301 -910 -817 1556 -1573 -1124 1593 -650 439 -1245 1090 -1643 -1157 -1045 -743 -477 -782 -266 -954 -1254 -1321 431 -657 -458 89 -320 -780 -292 726 -1163 809 37 -1633 -853 1378 1676 250 -284 1154 -399 1335 -792 -411 214 370 -1452 400 663 -246 -1188 -122 370 -689 -1091 32 268 -342 -1360 -621 174 432 180 1065 20 -682 984 -215 -925 1163 59 -1095 127 
151 -644 1663 -659 -307 -663 -163 -158 48 441 34 96 -112 701 83 321 -585 145 745 83 -294 855 -120 724 -262 443 -552 -133 1535 -1192 -1615 -763 861 -1530 -363 -797 1313 -229 889 225 969 852 239 -109 92 1010 -94 950 1671 -76 -473 -1172 549 908 -741 -1584 614 -64 620 -228 258 -139 217 54 -1538 508 -219 -1190 587 337 1278 183 644 1294 771 444 -926 -1120 -1085 406 1604 466 1087 -40 -330 -205 -745 -1885 944 374 1010 199 -339 -702 353 -522 248 97 -1199 -227 
112 -1240 -1885 156 -1556 252 863 -160 830 644 64 -986 858 60 -180 696 1339 -216 -1345 -163 614 1001 146 -1307 -84 180 -1145 -1044 -553 -820 -405 -309 -166 1083 -1004 1218 148 -637 -768 471 -123 -702 -681 479 110 61 -468 955 -1407 1136 412 -1671 -444 248 -592 523 -366 915 -518 -319 1052 473 -309 -767 108 785 1007 -841 -1479 672 1001 -1419 228 296 -153 402 -871 -792 722 -561 11 108 -23 -643 -735 1384 -496 -814 -427 448 1209 889 -348 -198 449 490 561 -995 -49 694 
-226 699 606 -763 10 -115 -201 -535 462 557 -214 382 -593 278 -372 -1064 1364 -1162 -1912 -408 -788 -1472 13 -130 -575 1223 -903 206 -1310 472 410 91 -170 361 -1184 -1703 221 -73 -505 245 14 -1917 1115 109 -154 192 708 407 -82 1481 -661 86 123 -701 -706 308 -98 1565 -1162 -998 -71 -486 -96 1913 -680 565 323 537 -1692 -1493 1562 1144 507 -633 1973 73 -1201 30 265 158 -44 -660 498 282 -827 821 1165 5 603 492 6 -502 1055 145 310 -1084 -261 483 642 267 
-67 82 117 635 -642 531 126 -722 -169 7 -564 -497 111 -202 -48 -460 141 90 1265 -616 -383 -947 -49 823 -1523 -427 -1046 967 -57 527 -1323 -160 1211 548 -158 -159 755 158 105 1427 454 -1603 -257 -1529 809 -1487 1587 -584 1172 -412 919 -32 67 -632 -814 -335 -464 19 1237 -476 -386 -1123 1078 -1521 -282 -1091 382 -1294 1383 -1077 -1542 -679 1020 -1600 -1117 -830 410 381 170 -834 -505 1309 -602 1595 1451 138 -211 -328 -92 679 -863 1201 780 1087 -341 1022 -79 -661 -381 -352 
-1800 1299 62 -215 -404 -99 -295 1015 476 1193 -1581 227 -144 97 535 1017 390 -1056 367 -116 -40 347 623 122 -422 562 494 376 -1540 1261 -979 342 491 95 855 1315 -55 -699 316 -1011 -531 -927 54 517 1109 -42 116 -258 -445 -1763 184 417 269 1552 1639 71 1678 -947 -266 1208 -395 1483 48 -489 406 -77 -3 -999 -969 -798 -199 -163 563 -407 301 -1460 -911 813 660 681 -1046 416 270 -1644 -71 -1205 -1228 -509 -163 -467 768 274 -518 699 -277 -250 -435 -1462 -154 169 
966 -1024 -658 994 625 -1693 183 -254 66 1360 566 -432 445 275 -438 -1201 -125 108 59 506 -516 222 132 311 841 640 -1034 109 -808 -53 126 -467 796 603 -50 585 529 1630 339 -615 401 472 -430 1202 160 681 1155 480 529 -1496 893 -53 -679 -789 269 151 1750 -51 -56 -848 603 -686 -763 -462 428 -244 -117 699 -1185 -195 495 1404 2 679 -858 528 -32 425 852 -1529 214 -1756 -1022 -1018 -957 448 -83 7 -1425 905 856 196 -1224 -850 -164 -821 -1155 -425 -476 763 
-658 -1031 -1884 445 11 -1233 286 -342 -19 642 -1684 -1553 -239 -277 184 -471 -643 482 -1119 -176 -1164 101 1377 -1293 329 -369 7 -374 519 395 194 -1126 -54 1037 791 -823 -880 1218 -51 976 816 -575 709 6 -1111 781 500 -1181 947 -220 -1131 981 144 -292 851 -149 -299 878 -666 301 797 -1444 962 -65 -424 1414 1177 462 -590 -1499 -795 639 -464 515 868 -106 -480 -1013 357 -801 619 -880 -389 72 -382 751 36 225 -57 -332 -1261 -749 -695 -317 -380 378 -1050 309 -94 -658 
-166 -619 -1278 -69 -1489 152 73 949 196 -808 141 -9 425 -30 -1235 -1234 744 -204 260 389 1151 1208 -1409 -663 -1543 -412 306 -881 -301 -209 -720 1332 457 -199 -97 -1383 429 -1238 1137 963 -57 1597 -759 -224 -1632 1325 -5 -189 1459 306 -833 -312 -981 710 403 -863 569 -361 599 224 1056 1159 -572 -1179 1118 700 654 321 -404 580 -7 671 401 -197 -270 161 -1317 -306 -857 -456 164 635 -1127 267 -840 129 341 -567 -34 1441 -868 1628 -765 -245 -100 -803 -346 -1145 138 -436 
-1008 354 -1449 -1871 -268 -460 -468 -710 -130 560 -23 137 1510 -1350 -1375 536 -583 -768 402 1399 -794 657 -83 -402 -1183 -784 -800 510 -744 -575 -89 477 -435 -747 -152 1477 -851 -420 -24 613 -371 1034 1465 846 14 88 126 687 -176 -924 1070 -237 -451 789 1193 -900 -1236 -90 894 1341 -288 -588 145 -433 -349 -1498 -420 -345 568 -33 -1401 381 539 186 1645 472 -1014 -60 1028 -1165 -1444 105 382 290 -483 -1547 -333 -301 486 536 -868 995 1927 -652 245 398 536 1476 444 -654 
-251 575 29 -789 -846 3 142 89 729 740 -69 5 -1218 -206 1745 -974 760 687 463 208 -277 -307 115 306 -130 -102 375 527 -2 -1143 629 -637 -1028 1408 -37 109 548 1137 -806 1132 546 1215 271 -588 -486 182 -614 -638 -1320 1152 -663 1263 -1633 594 1248 -145 -948 55 -135 130 -1564 -56 476 1099 -803 1634 740 -126 -1795 -204 724 -357 38 -648 -850 -20 732 28 1039 -508 451 -450 -243 0 -1267 457 -540 603 -191 -363 107 57 -492 -741 340 305 -548 261 1 -363 
-410 507 1474 -143 308 -1157 1041 -493 735 -191 -197 592 -228 -305 -292 -187 -335 342 -832 -739 1210 117 172 889 1034 -939 -338 600 48 -67 968 31 -117 261 -20 -77 1136 -1141 -386 642 1435 -975 1258 539 245 -146 -963 -418 1488 55 1234 -1012 340 -394 75 -236 863 -122 -585 903 716 -620 -183 -114 -1259 923 330 -1174 -927 -488 247 -208 -419 -356 -1192 482 -82 -430 4 -919 -1095 -198 -1419 49 347 -765 -1579 1525 -1833 -995 -122 462 656 283 28 821 -1651 -472 -1534 -284 
1423 227 239 -127 -721 336 -569 950 -1786 -3 340 168 537 -407 -541 183 483 618 10 -331 1069 1102 -1423 1146 -208 -1300 58 279 -749 1803 -529 -252 -306 894 1104 381 476 235 -7 -933 -993 -14 1310 -1 812 521 189 1158 728 -1355 694 395 568 743 -666 -1131 -301 1161 1448 -129 1826 1307 -485 635 -1342 -59 417 819 445 -924 1114 471 -715 1106 1256 -352 -1596 21 473 1688 291 1076 123 -270 606 1142 -1284 -357 -687 -61 1108 272 -616 408 217 -172 782 111 -919 -604 
1110 493 -415 24 397 1096 353 -1243 675 645 -628 -958 667 -77 326 656 755 525 1079 -166 -376 110 1186 -38 716 1286 -471 470 550 618 -1784 238 -1108 -138 -251 350 -14 -362 -203 290 1046 -172 -517 1647 -355 298 -1411 -501 191 -1072 139 556 -404 -45 -172 1457 790 -1599 -375 235 -533 -1049 399 917 -188 -139 948 661 1863 498 1214 -1118 -538 -803 162 776 1436 -3 1470 591 1189 1310 -379 1134 673 -1580 -165 383 1188 -60 316 -733 430 -932 1616 -883 -994 949 -700 349 
-1577 -1460 1358 686 362 -351 727 381 -66 -223 1425 767 98 -433 782 1333 -291 -107 -577 821 1153 -621 454 -1031 1224 836 -334 149 663 396 962 816 589 671 940 652 -508 -1057 1632 545 -376 302 34 730 1516 381 -81 748 -1148 231 -314 -58 -533 713 241 -258 51 -498 161 -231 459 1624 -39 144 -219 -73 1625 831 -16 1327 850 -250 -975 973 1093 1488 1497 -1435 -691 1217 771 -1625 -544 -973 -723 -1673 504 -398 -853 -174 -1036 -393 -1418 62 -1267 -946 1460 25 -909 12 
106 1120 1058 252 828 -916 39 1048 -230 263 -25 -151 -1489 -534 -1000 -570 343 87 782 -992 -260 -849 -14 -496 392 -1281 140 -1261 -864 1021 821 349 -920 -525 -977 1562 -938 1850 446 -116 106 -156 823 1141 720 -482 -297 -680 -779 786 65 -1100 -629 1260 960 -390 465 688 614 0 827 -553 59 1617 73 -439 1600 1325 1463 190 -579 -1140 1696 647 118 -20 -1596 497 -208 323 -521 -392 -197 -1116 505 104 -1598 589 16 363 780 503 1436 -418 -50 1073 -521 -269 -261 1352 
-446 -477 383 1387 861 709 944 -136 -1248 591 -346 1171 107 323 265 982 438 1019 -829 891 -1278 -305 -423 98 63 105 381 -367 76 388 1683 649 975 1290 1137 940 -51 1625 1431 -301 -594 -881 -845 -970 -1265 -182 -1272 -1403 1284 -758 1332 485 1011 31 80 399 179 1105 -903 -157 619 -112 803 -397 994 871 132 -1567 529 -947 510 55 -151 -1253 -991 -179 1395 -726 -344 68 1215 -1344 -760 -55 -1480 -605 -64 -695 -657 700 710 760 -1410 -634 -671 -21 186 861 1182 311 
-1106 763 131 -421 133 1483 792 -396 1371 1148 103 727 552 -880 -718 266 -715 895 -360 -1098 -863 81 -434 317 1539 -473 -317 94 -1475 9 98 382 -371 -311 -406 -376 -216 310 -419 916 638 -110 110 745 -526 -1216 1498 -773 -497 1314 353 406 -771 -445 202 826 122 916 431 -263 -219 -1193 1671 -986 -738 -1529 -1663 -506 -1313 145 -1506 442 -958 1256 172 822 1096 112 -347 739 1144 724 -599 -1213 -38 1724 -166 -1448 348 -928 1129 -232 188 526 529 387 752 1113 625 -452 
245 -476 481 -478 186 14 74 547 232 -478 598 -792 -298 306 1102 -868 258 -1370 -13 124 159 332 -101 -83 -803 801 -1375 778 -1622 -8 240 -1218 -49 91 540 1131 -76 -764 204 -465 -502 -424 -931 440 -814 -916 768 -1215 1232 463 -58 -1725 557 303 -168 658 46 222 -438 974 -228 -47 91 -963 174 -776 913 -35 754 460 -275 -789 642 109 1471 -371 -1490 -1085 -552 896 1876 -1254 427 474 -462 -1016 642 -411 832 213 -391 342 -517 -1359 199 -417 1551 604 1144 -757 
124 1311 1492 -323 -491 -569 26 -704 -315 -611 605 1457 -552 773 689 -366 1063 -150 195 -1630 86 947 -492 -259 -447 -556 -230 -245 -130 1025 -465 -1530 1602 -85 712 1274 -1646 72 1064 464 -52 -477 244 -419 520 -1048 -30 1151 807 -1119 -455 954 1436 -650 808 656 1493 -601 563 1612 -1187 512 726 1564 -836 348 -1238 470 495 1361 -1055 1664 365 -223 728 597 1551 1569 -235 -609 712 -526 448 -1220 -109 1316 734 -642 -1 -846 -1766 -22 145 411 -878 553 -1714 142 -1068 666 
-974 -87 -1274 156 -238 -31 -1316 -1033 -638 515 849 -444 -172 542 -1392 40 -445 305 -1157 -381 142 -441 182 -1212 -1231 -239 879 -1310 115 -1901 -1119 -1209 1198 -1003 -277 401 1103 -782 -702 -398 -379 1068 -1254 899 815 -495 208 -416 724 -138 747 -290 60 924 -1273 -186 658 1461 -194 635 1460 -1107 -68 -448 1428 1070 -646 -536 433 388 1171 -129 384 814 -245 4 85 -306 82 64 375 -532 493 -1031 -34 -1447 -911 -1079 -1321 -361 32 719 458 -1161 642 -530 -1530 -981 468 746 
714 -477 491 1595 1312 -206 -892 1156 521 1306 -48 -1193 1098 831 -140 720 766 1578 654 -1408 1250 -53 -1132 1147 816 371 -448 1076 -1030 744 -1211 -1022 -1023 -51 -1281 -777 167 39 -324 165 1367 -774 177 -1624 -568 475 -272 709 -720 -91 -700 -850 493 -53 647 1259 -382 -1525 645 1163 771 -728 -434 -531 898 514 174 581 913 1317 -495 -1807 557 859 -120 -859 -1132 436 -829 -201 378 153 1658 -875 -1047 -453 -185 338 803 -1125 151 1010 -333 152 -1035 350 -832 359 -39 -1171 
105 250 -800 596 1377 1083 -594 267 -1432 -892 -1521 769 734 -1189 530 -1355 1513 -954 975 -1549 -1512 -327 -1458 -340 522 -432 467 -158 482 -1241 -270 -491 -1724 145 61 -1039 -1477 -568 -756 -1307 499 1282 -129 -843 -685 498 1294 232 -182 343 1333 -771 -930 1566 922 1082 -1221 479 -963 -613 425 -1259 753 -719 -578 -1264 196 428 -169 -270 -1170 1852 -435 1101 601 -1540 -779 595 935 -473 -380 -180 -696 955 146 705 256 -563 489 -1656 -552 -20 518 749 19 1435 -479 435 842 288 
-134 -101 -244 -1374 642 540 1363 697 328 390 1721 1057 -211 -370 570 -415 -1726 -959 -1612 -337 -1668 -760 599 -240 -1861 1211 -175 782 815 -475 -1507 -385 1687 709 836 -126 -30 105 1228 390 1432 -462 -371 -424 -876 837 -297 286 831 60 694 1107 1163 1227 547 -1091 -628 474 -743 1423 1153 -630 -22 -773 -443 311 348 -651 -859 -689 268 384 45 -121 962 773 590 10 1036 -663 -78 -631 736 -1123 967 284 326 361 686 263 1155 -313 -326 723 -475 -749 765 600 -100 -871 
607 -779 761 -411 -1506 -444 168 1680 -8 863 -551 -80 -1605 -907 1151 -243 -1663 1109 1471 716 -930 962 -1450 -887 518 1654 -735 -545 179 -325 -1244 227 -1274 784 867 -128 630 -109 -13 -1660 513 -237 257 -1301 1229 1305 -1122 1126 -505 -32 -424 378 500 -367 1047 767 750 491 1105 -172 -363 923 274 -188 -474 -1330 -836 -1291 -1142 1014 414 1011 579 156 1252 33 -1343 -417 -1043 295 350 -967 -22 230 -499 28 -686 273 -968 -679 -1273 -100 802 -193 1013 -766 434 -1114 454 1023 
-1475 861 767 83 -684 4 786 581 -25 561 978 302 -364 21 900 322 -1247 1386 1009 -1749 570 889 -331 -29 320 -694 1515 -190 -1336 871 -210 334 27 1562 -145 5 -896 -883 216 1507 577 1155 1057 772 0 -76 1182 100 -546 1384 -1053 -666 -715 -337 -288 562 -16 1768 340 -390 486 -713 51 1262 -425 -1434 818 -240 754 132 548 879 687 1540 -882 -359 -1393 538 -33 -1063 -384 -536 176 312 324 263 -1817 -293 975 292 -672 873 891 359 1254 -133 -781 395 424 813 
381 -436 -678 -1106 -722 603 406 -843 -373 1372 -260 -330 -222 29 179 9 732 320 1079 472 508 -1151 -1148 -202 -941 348 822 686 422 -206 -280 812 -406 -579 -779 1417 -856 1091 444 -4 -1522 1078 -644 453 -185 -139 512 1552 307 -301 -71 -863 758 125 -43 878 -349 -703 1613 117 -344 -1330 456 795 -1121 1090 838 -564 724 36 -276 -340 -15 -696 -917 870 68 234 687 57 487 -436 196 1228 -414 605 -662 624 -814 267 -463 -543 203 -905 359 -648 584 527 -1008 452 
89 -1109 242 -793 760 304 14 -742 -564 -1129 871 -119 1531 87 -1041 -346 691 1697 303 200 -8 524 763 -782 251 -848 -689 -686 463 590 -1669 -1508 -144 1028 1044 -346 954 1548 -1047 571 392 192 -617 -742 -392 -1477 490 82 1417 314 -719 -597 114 809 186 -308 -77 -1020 -262 -322 1109 443 -604 -740 -1708 477 -830 553 1065 -309 318 -1626 -78 72 -1660 868 0 -190 -922 -875 -1381 -852 904 342 1087 -1036 -557 -1480 -31 -516 -584 -134 -268 189 809 89 369 219 -68 854 
-361 791 172 503 -1569 -242 448 -108 -218 -510 -1030 -408 4 -163 419 301 260 131 793 -8 702 -701 -326 732 211 1178 -1172 298 -1378 -583 -911 -697 -138 807 -808 375 62 -189 769 -536 -542 -648 -1401 306 -550 -954 -471 1735 -136 -1331 -262 1652 80 -365 770 -1077 257 -1483 1342 -934 719 1239 -851 1310 550 357 -177 -667 475 1045 122 702 -323 227 1018 937 -990 -604 814 547 1121 1449 -1051 -1177 1115 998 397 849 1489 435 396 586 224 67 -246 868 -22 534 255 800 
238 373 1739 394 827 760 1032 -1212 -176 705 195 411 67 -158 251 462 -237 1333 727 -1228 -312 399 789 1180 58 -1499 -34 362 -1212 -1167 325 -55 249 -1152 337 310 -1317 -405 205 -7 -386 933 -520 188 1468 -19 -285 1366 -1199 1345 -320 202 1347 1112 -457 1050 -1249 1166 342 1073 101 -1298 93 934 952 -1094 139 436 -931 -347 834 -146 -47 1186 1488 2 122 -691 -1027 -389 -1375 837 330 1289 409 185 -1601 -563 -845 1160 997 -968 -68 -900 1734 838 367 -639 -1581 -549 
-211 35 485 -971 -1186 -435 -9 709 1077 315 -1086 -13 -30 61 -277 -610 -143 -801 352 -1043 -32 852 -1239 -1705 -159 -365 518 1599 -81 1580 636 242 -623 -478 591 -623 970 877 -315 -258 -1445 219 -681 -2 -833 36 172 -1286 -479 16 -185 -361 1190 436 -546 -1187 440 -339 -1289 678 241 -114 317 45 -1117 625 -1281 -1051 118 -76 1281 762 632 327 1260 -461 508 -132 -228 -1409 -1194 638 578 972 146 -1329 739 -976 -239 125 673 254 -365 766 -233 847 -144 690 1053 203 
-1620 1370 -1303 120 798 -657 -1354 -8 -982 701 117 -535 -531 1228 705 764 111 -1183 846 191 -201 191 218 833 -278 -1025 -609 -67 67 -677 -545 842 -1335 4 887 993 782 427 1475 301 1826 -698 -301 -469 650 -2 -1212 877 673 -206 -525 -1081 1005 -1183 128 -198 -347 732 13 444 445 -629 -157 313 -455 -830 404 673 -417 -241 -363 9 1837 1153 -979 -468 -64 133 -1250 -1604 578 1064 -384 -1354 -1438 1283 -679 977 355 -35 -10 -848 125 -719 -864 76 -970 -186 -507 -966 
-40 -1846 -1082 -637 430 -259 1534 -367 -1540 -1022 908 -997 -883 -1154 509 -1063 753 -1385 -569 -347 -652 582 -1036 -863 -518 173 1177 -382 257 -1064 -617 120 -412 -952 -1483 1016 -385 -1507 91 884 -333 280 446 -619 -463 -28 586 -781 -1088 1113 1067 372 319 -38 -210 -587 300 186 -862 340 -135 537 -697 984 -379 -634 -1228 1 950 427 -445 -475 602 -928 -670 133 66 826 -362 -334 1501 11 -517 909 269 387 -115 -212 -981 936 -716 597 60 -1429 53 50 633 -255 -666 -329 
-325 -972 -1141 435 -306 114 715 1203 160 -233 249 1292 844 -770 -152 1131 -1354 1127 1140 -1110 1735 305 -875 -1240 556 1194 -68 -766 347 22 538 1418 -1344 -270 305 -1107 -240 -1170 1133 -1351 -282 389 -193 571 -1693 1397 -672 -875 1810 -67 80 359 -638 130 151 -425 -293 1128 -580 -238 679 -75 -264 278 864 -380 448 -669 841 996 -41 1465 -452 -181 350 -995 337 -934 726 -124 531 -394 483 -237 189 -558 1788 387 444 -874 -579 1536 -52 -1786 -557 -132 186 637 -1506 227 
343 354 593 125 -14 6 1401 -981 1000 -857 -1777 301 -916 218 1466 72 -681 1562 -252 -852 -81 111 -592 -28 133 -226 -442 1064 -1589 226 -881 -829 181 341 -48 -1199 -654 765 -241 309 523 556 367 459 946 -530 -747 -828 -1009 -113 777 591 -84 -1101 -1006 175 -39 -688 378 828 757 490 -1109 -920 801 -1268 -1154 -524 -1053 620 -418 -993 -636 254 -461 698 969 492 1103 -290 899 1242 -889 -402 -542 624 1261 239 -643 -1099 446 -238 1098 291 216 33 -947 1079 110 -1620 
-689 -491 46 877 -339 -237 431 -1290 279 683 -529 403 341 664 -991 120 -732 105 643 -1203 -978 1295 572 -212 449 443 540 -512 -55 -557 -245 -676 1342 -355 505 317 1429 -715 41 1637 87 118 -191 89 20 -335 118 67 -986 -927 300 -1551 -345 1321 838 -1398 1615 -379 -462 338 -494 471 -1640 507 85 1057 644 -1097 1090 -714 -20 -26 -1169 226 1324 -993 1742 658 1235 -1460 1237 -692 -315 -456 -260 -480 622 -951 388 -394 -741 -536 -190 -7 -1082 -745 -32 -727 -532 -621 
1823 -761 323 354 644 -1710 -580 -301 10 371 690 -749 -631 -1708 595 1223 -1334 -79 3 -1068 1223 -346 18 458 -600 725 1135 970 1089 -1261 534 -167 -1725 -1107 614 1215 945 -1539 914 -252 628 -1704 -582 -246 -1342 413 1507 516 1037 1090 -1013 -81 523 1067 760 -199 -277 -316 -529 118 695 1838 98 -226 1048 1009 746 -620 456 -733 1121 -984 -128 1215 -570 905 -417 1225 105 447 -196 -199 -727 653 -729 1950 -422 -1253 1455 -828 -1568 491 -961 890 211 -431 1290 -1157 1590 -1209 
-546 193 -492 -199 -893 835 -295 297 -815 -449 -200 -1417 225 239 -789 1203 751 1533 -477 1372 321 777 389 1446 10 -1516 -1579 -1220 446 -1616 386 806 1067 92 745 1064 -1102 1565 -778 -455 -84 -189 -74 -419 1035 1008 828 -20 -778 101 504 1799 -933 1106 587 -275 187 396 -749 1033 1403 -126 -38 895 936 631 -557 -729 479 872 -114 1286 1445 -1426 -32 -77 31 -577 -83 -968 -1502 565 809 -969 249 165 -1129 485 -613 -1068 410 -1379 -101 -730 201 1265 347 1119 -1017 1657 
34 1152 889 1712 1028 -279 512 420 943 345 1196 -475 -125 305 607 435 467 -538 -212 -151 -700 728 -1107 530 -375 527 -1811 -1496 -19 988 -1224 373 997 -381 -264 -318 -1313 380 655 338 -1097 203 524 -1174 -1184 -1540 494 437 -723 786 743 -304 -738 -947 -126 996 286 -395 504 583 491 685 848 -25 -1577 -448 -66 1022 980 1485 205 1675 1143 -699 1149 -1008 -427 587 219 -1270 -1020 39 1364 612 409 810 619 489 -820 -561 -798 -654 1290 883 -35 71 645 -1700 78 -261 
-636 201 1156 229 -267 422 -961 445 -554 -550 -681 -292 1228 -249 -833 -1161 -926 -1592 -162 511 -285 257 302 668 -171 353 1031 -862 -1134 1178 -1670 72 1223 480 -889 1071 1805 1763 -76 -263 -202 390 80 -801 683 158 1507 -977 -1631 1485 -303 1565 -817 -132 -1458 -1056 -648 -1215 -804 346 -478 415 1584 961 -244 -1267 506 192 -165 700 -606 -442 765 1395 -661 -1862 -433 -476 -176 -1246 1103 81 245 347 -794 -100 -225 193 1173 -115 -736 -534 -759 -653 199 1320 -423 1284 440 -560 
1055 -342 -1316 241 99 457 914 1278 -703 667 395 509 -33 -660 -1392 910 -560 -1660 -1112 -21 -142 485 -794 -988 1080 -558 260 -503 274 -1236 -581 -1399 947 -389 -413 89 -667 -136 -1616 364 -780 363 -193 1643 -117 1039 -1271 1341 -1218 -165 -141 -1204 -1604 114 -558 -433 936 -1229 885 -253 1428 -47 42 -231 -474 -1268 -1244 -1382 -369 -722 -42 -137 -1868 1180 -805 -567 -968 632 -541 450 -692 -416 -307 4 199 -704 1264 -524 -1314 622 -343 517 -631 -283 1138 -655 -129 910 48 -323 
-828 119 -251 183 906 -1044 -57 101 989 -1094 -21 -484 1087 -937 278 -824 -336 84 -549 -722 -1226 -932 714 937 410 -1090 344 -242 369 -329 693 -1148 -1035 -1458 216 1656 -519 555 -984 -159 87 92 -6 552 48 552 -91 -883 -1042 -303 -383 61 1291 1822 1008 1548 485 -403 -591 156 100 -36 204 143 234 -995 1353 1213 -123 2 1428 358 598 -260 -475 264 -510 -573 -640 686 1135 477 -525 -109 50 1058 -850 -265 684 -181 30 -149 679 -960 -492 -573 113 -1251 1275 494 
1192 -392 1312 -193 -632 -761 593 1070 -33 902 -1018 -57 1472 884 65 222 1037 -790 209 826 -215 -520 89 346 -534 1536 902 -117 49 13 -932 911 167 14 -1076 1023 -188 -474 -542 762 -705 -919 -910 -1374 592 577 -807 -496 444 947 260 750 616 -130 -11 -261 834 244 1556 786 547 354 -1033 -648 -1216 -352 770 389 67 1523 600 -682 491 -1598 1464 -327 7 1236 -10 -445 -145 -622 -1606 -1102 1800 -705 50 422 -1273 583 -494 1200 416 928 -921 909 -1275 828 227 1749 
-306 -1227 711 100 -313 -356 -1355 1247 -366 -786 -235 -892 766 -258 -203 339 -682 -1343 -1635 -1627 -975 1260 -838 -118 -1104 -1820 -994 1101 -172 -251 -486 -414 -662 969 -1803 175 1607 -1249 -1081 181 770 -1011 584 380 483 802 -768 1384 193 -639 -491 878 -81 -153 -139 816 -818 652 -670 953 1023 1218 -192 -739 883 -317 -356 11 -290 -288 -155 -405 117 -742 296 944 -1533 1326 -709 227 577 -201 -504 -253 -442 557 -856 693 -1179 1605 732 1745 308 -732 -329 708 -480 -601 1354 -850 
775 -447 77 682 -655 464 -992 -125 1588 -7 154 1352 -482 -922 -905 -33 698 525 -1316 -659 130 -855 -1061 1063 633 -1376 -818 1545 -365 -486 -1441 -673 419 -68 -212 -809 -609 1491 -351 958 1001 -1364 -548 -1030 -222 -822 1265 697 -1012 -798 265 1229 284 -42 -303 291 1789 217 396 909 -573 -70 504 -514 -1281 -163 -666 155 -500 -12 -1118 -1500 -291 323 -449 -748 -216 690 945 -1029 306 624 194 -167 -1393 -167 -95 -4 -542 310 60 -1401 1440 138 1038 -283 540 -981 252 888 
-203 -184 97 -540 983 -1159 519 715 -3 -753 41 -1621 -1245 -439 -18 -318 251 -758 325 549 -535 821 917 543 -555 207 -257 887 -208 134 183 -101 75 -26 734 1170 60 984 -1596 -411 -39 -564 -978 -843 -239 -399 -327 -575 -411 513 783 -867 -1861 -1631 126 -1001 163 -107 -370 -305 -460 -536 -817 918 -1510 319 -616 1332 1234 646 29 443 276 406 802 391 -570 -200 -1233 -1808 1326 -190 -1687 -1229 -302 707 -897 -1347 -1670 -580 -377 466 1619 1643 68 1164 -523 291 -476 -1172 
1149 1636 -804 277 -616 644 -19 -323 -156 -177 -1029 584 -579 1888 -1420 145 -370 748 1136 -358 -1189 -1239 619 360 -328 1158 382 175 447 85 702 -1121 589 1161 -619 1525 694 1547 475 -1177 445 -421 -1375 14 1019 1154 -837 -1069 -763 175 1188 -683 -438 857 998 -226 1790 1242 968 942 344 -965 -417 289 675 1878 -441 -266 -1488 -1108 -1089 1260 -1247 1037 1416 -235 -59 288 3 -1128 -206 -1426 -1670 -21 -531 451 269 -461 703 -876 -1090 413 -140 -192 -1188 -104 253 -318 1013 9 
24 7 -74 600 647 1682 1032 -1433 -226 -1026 -886 -877 158 -670 624 -314 -49 -512 288 -166 -508 209 -277 -483 632 1089 -478 870 1385 -1008 -157 -107 -262 -386 1451 1690 88 -265 92 1290 -1700 546 -1015 -1294 1539 448 -208 21 1368 -557 -1253 356 -772 7 1600 551 -462 -1250 949 -236 491 573 -872 -874 -419 1504 -197 -177 -1186 -574 -338 -795 -868 129 -1263 -59 291 -577 -830 -21 826 57 -1615 1105 -1403 787 -194 778 -824 -713 -390 -160 -175 -596 -681 -647 -78 128 367 113 
-930 -981 -61 -182 -1300 220 171 1074 1675 301 -78 161 194 429 753 -1126 -1934 150 -846 -669 -312 -1056 -1481 -745 -806 824 474 678 -401 -972 -144 -559 -1018 742 -302 -1774 621 -758 264 1210 -1336 -792 -352 557 -758 297 -86 -1089 -32 -38 -1094 303 -1309 -128 -741 5 -11 -655 79 129 728 -903 -249 313 -121 -556 -767 -1445 -771 183 920 190 -45 -991 -206 -337 1118 -758 187 -579 1822 -886 -438 -946 -1287 205 -71 -1110 -1405 -1577 -521 1 778 320 1516 162 901 -221 -708 626 
856 -74 752 -1335 134 -687 399 732 969 1056 707 -464 -180 -51 1115 -166 -455 -75 9 -217 -151 -408 -426 -516 1417 1340 256 157 -966 609 1038 401 271 -540 205 -792 -143 1289 41 -938 207 -908 -45 1173 45 -58 -168 950 53 -331 1674 -1121 110 947 1397 967 54 -200 -570 -1516 28 -647 4 969 207 1185 -1300 53 695 -340 -62 417 -420 400 1221 -464 -1323 365 -380 -522 -58 -1239 -188 578 1277 -619 -133 -127 1447 -1355 -817 637 360 1181 68 -1177 597 829 981 -839 
