Please enter the number of rows: Please enter the number of columns: Enter Matrix A
Enter Matrix B
A + B = 
-194 -1041 124 304 -35 -54 -425 -765 518 969 382 189 -149 -1286 524 1021 -1147 -915 306 -198 603 762 5 -429 -1397 647 932 -441 280 470 -1552 111 995 442 1720 211 1177 -837 -1169 -238 55 -347 851 348 -607 -62 -1035 54 1012 -1333 
973 -148 543 -1234 -371 -1250 478 933 -1386 -927 -1073 1236 474 -1470 459 47 -402 1331 -1710 331 -1532 -60 99 -59 96 -985 98 -986 -341 230 280 -732 8 -49 -266 1056 10 -359 -1285 -1301 961 -52 431 -1151 -1249 990 1005 515 -1852 -75 
132 -450 550 602 153 605 -626 -437 -842 368 -65 -1131 795 -35 -1079 -638 -885 965 -182 1156 -122 -455 16 -139 1048 -1598 -274 -1157 -247 182 1303 -764 275 1343 249 -1754 1505 -414 -1060 372 -516 1871 -70 -55 -70 1058 -156 -947 -1166 -699 
-1782 -1354 -1108 -1100 -566 1871 606 190 536 -339 -1157 683 750 -213 -935 -525 -55 -386 364 -241 141 351 -20 696 -895 847 333 -82 -1397 -1376 -846 74 -1114 -663 -372 862 76 204 1469 -1031 -430 -245 -404 117 324 1115 339 -797 -1463 374 
-927 815 -415 -90 -700 -1311 1076 -1156 528 590 122 1064 1276 -70 -284 546 704 -467 -1017 108 1037 -232 65 223 -292 659 -1027 743 -935 61 35 1146 281 -316 -218 -209 -273 -890 160 996 -434 -150 -689 428 -627 170 -575 -187 -1226 1300 
818 1430 970 -589 240 -281 1349 -1000 1029 -1543 469 -865 635 919 -943 -291 307 1174 -247 -33 -1518 1696 566 349 -72 -132 513 -806 221 130 228 -405 557 912 -200 546 976 -1400 -396 -485 1787 356 -686 159 -758 -432 -1359 627 -397 -779 
1457 -885 121 -205 -382 -519 566 235 -61 293 -973 791 -657 1656 743 711 -1399 795 689 1106 -269 -272 195 1368 108 -1013 146 -376 539 -537 -244 -92 -785 -23 -243 713 -327 796 -233 -1107 1328 -867 -170 475 1717 -1692 -395 -1216 -1398 -335 
-1197 -595 -372 -157 748 147 635 804 1370 48 1053 -627 -430 -411 -225 374 -227 309 -225 -539 -1516 -584 1834 -236 -171 347 1731 -827 1617 -821 -950 1038 -1140 -717 460 883 -1442 -8 -172 -386 -408 -531 -349 -1046 779 437 1254 746 -568 -1615 
79 -1029 -123 -1586 644 477 1234 870 -553 -231 -260 1247 -304 434 -40 1324 -700 700 -328 749 -154 -315 -215 499 -921 179 1140 -426 1183 -842 -1288 261 -901 1111 521 -1426 649 -717 -1161 -1071 -1007 -487 733 -544 -743 181 1502 -691 -89 -330 
-332 -314 -1340 1101 -804 -995 -547 -1300 -1087 -1327 316 352 1077 -743 -356 -38 326 205 523 321 793 833 424 836 -498 -476 -791 -1259 1613 764 208 -600 403 628 764 -745 406 496 -1232 82 1596 -143 212 307 287 1163 205 331 824 -871 
226 0 753 134 546 -723 -303 1335 -1175 726 897 221 -86 -1264 -436 -1070 -1443 925 644 377 1041 -1447 -1234 119 991 96 -1277 -1168 -1130 695 480 -382 14 13 -428 665 253 590 -497 520 -220 713 900 1047 -1189 -487 1648 744 462 1206 
618 1598 -292 1541 -1236 -99 1172 -932 -676 587 -100 -480 281 200 -59 -1830 315 1380 -901 217 792 341 932 149 499 451 361 728 -1594 1211 1656 -613 668 977 -1819 -811 69 -440 -271 1694 -652 -209 -1212 -599 862 34 76 562 992 -619 
1077 -223 -792 -436 540 -8 289 41 666 -676 773 -369 545 769 -749 169 -661 -641 -403 1451 495 -1713 -1361 407 743 242 846 1224 667 224 399 414 1097 535 -350 -258 510 229 -353 -628 1782 -827 -127 708 301 877 1448 -683 -52 1355 
-990 351 892 161 26 -188 -843 403 -74 -569 471 -227 -890 585 -364 437 -630 824 -652 1406 333 435 100 1033 1220 -965 -448 -1045 907 -1775 -1319 -1335 617 1302 -1359 1543 1119 -1451 108 921 -264 114 -302 424 383 30 710 -1319 -883 952 
-1338 -418 1074 1162 -867 -106 7 746 220 -383 682 -291 21 581 264 -1647 153 934 1250 985 -1300 -344 -144 -1020 385 402 608 1274 1375 -375 1483 -389 346 -485 57 688 -469 -469 -509 -1472 696 -719 130 -561 880 -827 -833 -1691 1165 391 
1 -238 144 -545 390 765 971 -334 420 58 -401 -38 1004 -691 -1121 -349 -376 -1603 -133 52 485 -240 -413 -992 519 615 -340 -62 -97 -677 1333 -1405 -87 1320 -1302 -741 217 -646 1168 157 41 219 -286 -1150 -778 -178 -525 673 -176 512 
-1159 374 34 497 -782 874 612 -355 -572 -403 -183 807 1675 733 -119 143 32 479 1272 -352 -21 98 -181 1298 1088 1313 882 -1702 -686 -862 524 -1036 -1180 892 -883 781 118 -105 -1180 -1381 -920 183 -402 -149 -982 -1474 -670 -855 -386 370 
1562 -647 -329 544 460 77 -64 -314 1675 1032 -511 1450 1381 -1169 -451 -227 350 -131 -651 -45 374 -988 72 1364 1358 -1142 1186 -318 -320 85 -1328 749 585 1118 -254 1282 -1425 -687 -426 -353 -1011 -1602 1377 -63 15 -670 100 713 1111 555 
355 -157 201 554 -371 -812 -94 204 -182 808 -1424 422 -98 358 314 -854 -813 -322 330 640 -1729 -875 1273 716 -791 -145 42 -255 -379 644 -129 1332 113 378 428 -757 3 -966 524 -405 264 24 1382 591 843 -221 -124 -1377 185 301 
-441 -1213 669 30 936 -542 930 73 -1304 159 -953 -1306 249 -1401 -777 798 152 -497 -1155 234 -525 -595 -98 -993 174 -990 -1255 -67 988 512 -29 -158 1143 -893 -441 -669 64 -70 1684 439 10 188 866 31 -1661 98 846 -242 -221 -244 
1137 -1477 1238 1639 -608 -236 753 1559 72 -584 -878 247 738 -899 -315 821 -81 -155 -249 838 425 -617 -34 670 -14 1677 -1561 -431 -1226 -85 -498 535 -540 -370 1261 -654 -588 -77 381 -1321 9 -236 -561 -1179 407 249 -114 1225 333 330 
524 1058 -20 -1192 3 -957 -133 -328 1007 -1079 1351 996 -256 -835 -40 -808 -59 183 -980 1818 63 554 -579 -342 -457 -110 -233 1104 -705 1224 363 525 73 -956 -79 321 755 338 -1098 744 -1438 392 274 -430 565 -231 -243 632 -1405 40 
-1393 569 -151 -493 -418 340 -10 1187 829 1150 -782 1279 415 -829 1120 -1663 -686 1120 -1875 591 651 -168 -1057 817 586 -269 1263 1076 591 -878 -549 1362 92 -331 985 830 -1234 719 279 -406 -269 808 -132 -274 -481 1033 759 -1551 1090 592 
-749 446 486 1594 1444 628 175 -300 217 -720 97 -96 1527 946 1167 157 -596 -22 -605 344 911 805 -455 1683 -1698 1424 641 1343 103 -522 -1150 907 0 421 -389 692 -694 106 -1619 -1501 400 1475 1074 586 6 852 -40 149 148 84 
243 -4 145 198 -663 -34 1141 1277 -1025 -1338 -953 117 1648 -224 326 -425 538 -257 -1198 -701 -1343 889 808 -1656 -1204 79 -448 -21 -165 -419 -852 -1572 628 -434 662 -419 186 -224 1089 158 -1094 461 1082 653 -527 892 -267 -718 -308 597 
-585 1565 887 1134 -709 1271 -941 797 66 -5 119 -138 -657 -273 -236 -464 749 -71 584 700 -979 1508 -222 1132 1351 -1454 -687 -191 86 -449 702 -114 784 743 -887 610 123 -849 -466 -873 862 466 602 122 -80 1362 -446 -297 329 -167 
-82 845 364 879 43 536 332 2 -3 -1175 544 838 -197 -495 54 552 693 503 1625 -979 361 283 -1255 738 426 -888 -1213 -149 482 -659 127 578 1019 -80 234 -1244 268 -1419 1844 -302 853 1309 350 1475 -786 1188 408 -292 100 248 
-465 -1593 -629 175 835 573 275 -769 657 556 -891 505 27 184 -365 -290 -1270 626 250 -339 -723 -977 769 1231 -762 729 324 486 -758 1318 304 1035 -180 161 674 81 1216 -938 -1176 -781 938 596 -358 -586 -147 -303 -476 1262 882 -1039 
-342 -374 -1837 321 535 651 -555 -97 -770 554 769 1045 1060 399 -737 1099 -610 1083 47 -503 1571 490 -581 269 327 -189 -313 -372 274 -335 -541 1333 404 33 1018 -1035 -661 -186 -410 -359 584 -300 -1473 80 1265 -641 529 637 1732 -856 
-827 223 -604 -487 1259 461 -59 612 -341 19 138 406 -919 -1450 -1817 -1447 1048 60 487 836 421 -77 -1567 684 611 446 542 1315 -400 -38 106 -429 -646 553 -349 36 392 198 -406 959 -303 1109 140 -970 834 -803 578 -1184 1986 266 
-700 -277 -321 -883 -865 525 690 -692 1747 -1838 -517 -263 -58 -1453 -1007 348 -1296 1231 -1173 -19 624 -1056 -810 262 -296 -935 -952 98 1533 -994 -77 245 -1252 -398 -68 1014 -1342 445 161 612 1009 -876 -1721 779 -64 -1291 -65 -46 -145 515 
650 -767 606 -254 183 755 -497 1655 559 -40 1294 -1185 -142 1406 1024 -233 -541 -514 859 -727 -145 1108 -444 -553 258 499 -192 -834 -664 652 790 -317 33 -645 327 -664 488 -33 -566 -686 -202 838 -672 -480 -296 -283 -192 -1263 -838 84 
198 339 186 592 670 240 -609 235 -1326 1107 -1017 1851 -511 678 187 904 1019 -423 -156 777 184 1787 1405 1763 -754 -234 -464 -1002 -382 1469 -492 -1068 -256 591 377 373 1487 163 -976 -76 -941 36 1332 819 1159 271 -1148 -40 -759 -835 
-125 -557 -436 1628 538 700 -926 -323 706 -499 388 36 -419 1009 -1081 -1605 77 -457 -1321 971 -657 65 -1130 892 -1009 -513 1087 1403 70 -501 -1455 339 1689 -1532 308 -23 -1373 206 987 105 -10 -487 -1267 -465 1265 644 -67 349 1371 -894 
307 -309 808 25 896 -1035 -1221 47 -168 502 617 -315 651 -1737 -887 -1568 553 1315 -233 90 -108 -497 -402 -318 -1089 -657 735 -1651 -38 470 51 -614 1229 292 -314 232 -1878 -21 -336 525 -1294 -327 647 -742 497 -171 -1087 1130 -807 281 
-573 -79 69 -915 1176 1708 429 -283 -251 -373 -35 730 -50 -283 600 1683 -112 1783 21 565 -709 -844 -860 -734 224 -309 -1804 155 -588 461 -1036 -785 -26 1290 -802 -1264 675 1560 1041 -1246 195 1 39 935 -250 -428 -102 143 -1001 -821 
146 -228 572 -105 1256 -366 -561 -682 1045 -480 1711 944 -139 1071 393 207 -1649 1168 -233 664 961 -686 771 981 1234 689 -22 1211 158 -373 631 -269 -1727 152 607 0 1121 304 313 -1448 -1513 316 564 642 488 -662 -1884 -1376 455 -317 
419 -176 -917 17 -554 290 608 -419 127 1168 683 712 -102 222 1159 -205 -953 390 1514 -285 7 -747 105 -824 689 358 149 -135 -226 -264 112 -1332 -1112 -350 568 -516 -629 -472 -34 198 -216 61 788 -1029 756 180 323 -1155 -36 -124 
12 -800 -451 -524 -658 -1473 -22 -659 -326 485 1139 49 -424 -13 -929 1351 686 -511 971 84 -1312 -79 -44 739 10 330 26 -45 -609 828 -745 29 1802 124 646 -31 -126 1048 1163 726 742 -521 -881 700 707 1751 -1773 787 -1854 458 
-257 -638 975 761 -832 1178 -71 -252 282 149 7 -181 -1451 475 330 196 -351 1164 -723 -149 241 676 -597 -1061 -671 1548 247 -768 36 -1077 -239 224 1042 -28 -701 -2 -1724 1164 904 -496 201 1053 -419 273 -1569 -677 614 431 1140 298 
712 527 1022 -271 389 864 -1035 6 -11 -1000 -829 1360 -409 -96 175 1732 489 159 -43 1318 -507 199 -262 881 -202 760 1241 748 -179 -555 720 -1239 -881 14 -948 -274 992 545 1029 870 126 -832 -719 1192 -230 -888 -352 1313 442 481 
1574 -1402 1055 550 -544 758 -948 -389 542 -187 -62 -992 1326 -1216 452 914 1161 -64 -128 -918 -1383 -286 -556 343 -397 -209 -511 -756 -163 1239 -383 279 1051 -62 -299 530 -1136 -507 354 -211 -203 -904 1016 -1138 -353 392 -379 -179 434 179 
1038 -830 270 64 -1185 756 33 -497 702 315 1104 66 132 293 -827 207 -1560 -1031 -873 -263 654 97 992 -1379 -475 -570 378 -791 -153 567 -919 -978 595 396 1558 985 117 1421 -200 711 -251 -25 350 813 256 -242 -72 366 -545 -921 
-1071 1697 -1125 949 582 -309 331 1114 -410 317 -505 1693 -479 719 198 944 -606 -1969 -1112 -838 706 -361 372 161 1474 -105 -431 303 602 -1338 959 1314 -656 1492 179 -1871 -320 -599 815 -84 -780 -1353 -601 -875 496 0 -151 525 515 940 
746 841 -1279 -270 143 1258 623 -1038 1608 36 1577 -769 628 -1118 -784 -83 -333 -1148 1259 -998 -571 1042 -16 -43 718 783 -1253 -388 -207 -31 -19 -948 726 -178 -223 1269 -1217 -330 -76 869 -1088 -663 -489 970 -651 -385 -1343 1437 109 237 
