Please enter the number of rows: Please enter the number of columns: Enter Matrix A
Enter Matrix B
A + B = 
722 1255 760 1504 -643 -374 1147 -594 -431 -1273 -950 -922 1172 42 -606 -1269 394 643 552 -30 -1203 371 -953 1170 1610 1392 184 -521 1615 -7 1019 1436 -47 -189 995 611 1562 960 -1228 615 -1529 -798 -312 -820 101 112 -893 297 25 248 1478 441 897 1558 1151 -1875 1675 -435 759 814 -1904 298 -558 -630 -1357 982 -1879 
-933 -1430 769 -642 791 849 1140 -725 202 451 1338 652 160 1113 603 63 226 -750 549 -891 -1426 264 -1226 483 730 -658 -55 172 -1391 -101 372 438 -373 1301 -189 -938 -117 -1384 -184 1230 -251 -187 -636 290 -1277 1011 -1036 -427 -784 -639 789 -245 1286 -94 -875 18 -431 -53 515 -45 -1281 542 264 -533 -42 -65 13 
-130 -710 -433 -94 294 -963 -689 98 -994 620 -973 -1797 267 226 247 -765 437 -399 971 1397 -346 1001 -1356 -1167 22 -777 -146 -415 465 955 131 -501 -762 -1576 -761 1030 438 -461 35 -282 -1003 -1446 -1424 -380 -212 -56 -1156 -1168 742 -746 474 1131 1056 -257 113 934 447 117 162 -23 -777 -1900 -153 -308 -389 -817 -718 
-867 534 10 1095 750 -183 1647 1010 1648 290 535 -404 -942 -30 1118 -566 -531 1364 511 1594 787 -747 -851 771 548 -608 1011 -1248 -554 -1524 446 -682 -955 -1339 473 -811 -961 298 1156 -1637 116 -10 -576 472 1 621 371 -699 362 442 399 -576 120 -249 -132 146 12 -495 447 -294 -1471 -486 -492 1022 100 1128 596 
1625 -1102 -905 -608 1297 -125 -348 -160 -298 364 941 487 -39 957 432 -485 -547 -212 -172 -378 -1825 900 63 -406 -1507 778 976 -1574 1087 -210 280 1595 293 -543 55 524 -1103 284 1617 998 -1011 233 933 -1160 -671 -1383 765 55 612 1663 512 202 -810 74 1763 -464 -487 249 842 1201 387 -228 -838 1669 -247 677 581 
1026 261 -942 -1300 780 352 -458 -478 391 523 -20 -390 389 599 662 512 1107 748 -671 -588 -346 -119 -1314 -909 -244 -702 1027 1267 -471 -948 -679 374 -542 56 1493 -998 -1124 -1182 913 -243 635 490 -229 265 244 1560 1048 781 -761 466 -1148 271 -463 1481 728 -297 998 -70 763 -88 -369 395 -811 1462 408 982 -504 
412 -817 -744 -250 -347 -323 420 -1659 -597 496 -814 -281 -1255 358 -292 -1641 -153 -742 -57 -1234 -562 117 -1594 856 1001 -94 806 1390 -397 155 -1817 46 -795 -574 -558 -405 540 -682 627 -1194 -1573 828 -258 177 453 -1224 -414 -144 1323 180 402 -1000 -248 -513 85 -152 -348 876 -1770 -179 665 159 516 294 761 -64 -666 
1293 214 743 1046 -1630 -58 -317 -573 196 -89 -1018 53 337 1510 -1286 217 -585 -531 -1621 612 430 -1141 -240 -107 -1579 1026 -179 118 -1206 120 1362 691 -494 232 1233 83 272 374 1444 -67 1004 -978 -342 674 -705 360 372 -727 129 823 652 -63 -849 417 -137 -329 -1479 -906 -38 1350 1645 1052 1004 623 -421 -276 817 
44 -398 -1539 63 -572 -25 359 -698 192 520 787 42 651 -487 860 1396 1400 -376 -1127 580 -1897 869 1775 -24 249 -685 974 -1407 -911 854 -260 -1588 -545 1501 -1279 917 -1839 -605 1080 1117 -1686 1504 -650 -859 533 8 1138 492 291 -148 55 -225 474 -1262 691 781 655 -146 1215 -1154 242 -731 -222 -381 812 461 -1465 
-674 -1279 87 218 -271 -523 407 370 -729 -759 -1247 -609 636 -1064 -840 622 790 -386 -1067 -1901 80 1207 -273 -315 -1088 107 -90 -1001 575 -267 -339 731 -667 -866 -593 443 -1680 1415 -104 -135 936 616 -145 -546 -689 -1894 1233 252 -250 -876 88 -39 -375 -516 744 47 558 -228 -205 -1181 -426 -579 -723 -786 -893 567 195 
-1136 93 -1103 1070 -549 198 -283 587 975 339 250 -81 1012 869 -45 336 -108 -70 306 416 -289 448 120 624 -714 -857 808 -56 455 -518 156 676 384 -216 -508 724 -605 -1394 -346 605 1387 42 -842 -1277 -187 -28 -278 -66 351 787 677 350 -1643 -1249 -387 -927 186 -860 281 -521 817 -472 -1787 626 1234 909 -673 
-833 877 1274 -351 -91 262 -513 1212 803 908 90 154 -340 -208 -1182 653 1158 491 -314 -319 927 550 -256 350 -337 1054 -215 411 1242 94 -1087 -835 -435 743 544 953 -544 374 437 73 820 -404 767 51 1316 784 72 100 183 -491 455 473 -239 281 -456 1219 -1705 -513 -229 1152 -529 251 -1151 -483 836 173 -1447 
109 -218 851 -232 -390 -303 -923 -3 -103 -817 705 1137 -378 -161 805 -842 -1266 -564 744 -676 -655 845 1652 1066 1623 444 -393 533 -1714 -208 90 1060 -3 -293 221 1373 -9 392 1168 150 95 881 1072 40 -263 -85 1499 38 -452 181 614 901 -799 282 -1232 -40 -1148 -46 -445 -686 93 -501 376 -1710 1409 -439 -348 
-37 503 1177 603 199 -712 296 -430 1375 -501 918 804 1524 -401 -196 2 -697 -493 -303 177 -174 1753 663 -1463 886 -190 116 682 -976 -287 516 655 324 38 932 519 26 1559 102 -250 159 -1236 -841 117 774 -473 498 -211 985 976 165 -980 533 613 3 77 -450 -307 -158 88 -1519 -792 -358 -1203 95 -265 -1272 
1779 -651 -260 -550 -984 529 265 -553 -1423 623 868 -497 19 -26 1755 432 -576 -619 256 -710 -151 111 -932 -688 665 -183 55 -663 1052 133 618 188 -912 -126 818 -56 1545 -1892 2 -109 -156 941 114 -4 -334 18 -910 -504 87 -221 945 77 863 840 -366 664 -111 317 468 280 -583 688 -1085 1101 333 478 -400 
-704 -1529 -217 -927 -119 -266 1308 60 974 -1484 1266 401 138 -1385 -692 274 -198 48 1515 -505 242 444 645 -103 42 1489 -696 -1167 509 138 90 1245 -1945 -369 -70 122 -726 100 1106 873 -887 12 886 422 -313 1421 303 339 142 -230 -1128 -483 238 189 -900 1250 275 -113 578 -1000 -585 668 -1268 -1872 -193 -75 355 
-712 -593 116 -86 -921 -1365 196 -433 141 919 -1128 -25 991 433 388 -551 561 94 -313 -63 -438 575 462 -471 -410 56 -1499 -198 397 291 1190 48 -90 -472 -578 -684 -376 -227 -83 941 -1498 -844 1230 -1090 329 -1560 841 -165 -587 -1330 -564 -1671 -125 1248 409 -1414 1276 56 -330 361 -663 -133 -689 1671 -62 1898 -313 
-73 -578 -1692 -289 615 59 -130 -166 -1680 -733 -324 -707 -187 -390 -447 1471 1065 773 646 393 1566 712 7 211 1110 -233 -1480 -1040 1332 -180 1276 -936 706 -727 -155 702 1380 -264 1118 -640 -470 -1330 78 -736 281 800 -1155 -1416 1040 222 1427 -650 875 1276 -720 -1077 -905 282 1156 139 1102 -616 47 67 347 216 -789 
822 -350 1214 725 -1151 1681 -1331 -180 123 77 -569 -168 706 -15 820 38 1244 -92 -1183 -416 -238 1044 138 -937 664 -210 -828 701 -1505 1482 -104 652 1706 -869 251 -299 -539 495 922 917 1121 491 328 971 84 -491 -1228 70 1405 -1175 -947 -1538 1032 -789 -63 255 -1224 -870 -209 546 163 -1186 -1255 869 -57 -601 -403 
1152 34 -872 148 979 -191 321 -1108 1371 -1165 632 -1152 -1269 -173 -459 -1778 718 708 1022 -205 990 -554 -73 664 -154 1158 -287 -181 1471 -1541 679 -954 -822 -466 -1101 911 487 894 -12 371 -180 531 -54 -10 197 704 725 -129 -180 163 453 184 -684 1455 -741 -471 291 1243 -937 -1777 -1086 819 -667 -1176 -875 -914 191 
123 618 -1027 300 -618 -482 1060 740 343 69 -557 -510 -1037 -316 -36 1002 -1889 -773 1186 -60 1380 363 -905 -1061 714 1744 1056 -1452 1310 1172 1689 459 447 3 186 1295 15 -624 -1179 -828 -420 166 1321 861 -348 -1251 671 174 -199 113 -862 -732 -812 -1024 -1055 509 -1111 -130 -443 997 813 314 1115 126 -1297 217 -731 
-110 -1395 -322 454 1032 -180 172 74 -1059 -329 258 -287 -1296 327 1056 217 1290 1531 4 -287 -1321 737 -1099 -396 -1304 1667 155 982 1571 -411 1319 335 -1031 -803 -1247 1050 197 904 1028 662 -981 -1532 -1070 -1470 1106 -392 -14 11 -190 194 -717 -406 93 -1328 388 -1210 -118 -1402 858 300 555 427 -1947 -151 -1974 1380 -487 
456 -1289 154 -787 -531 696 142 142 249 689 749 -1536 -1327 288 567 -1334 -991 1249 -537 -208 106 -452 -510 -359 951 372 644 -1186 -44 -177 27 -327 -273 8 205 527 -140 859 -263 -1246 330 -323 -619 -328 942 937 -666 -469 1313 204 309 383 796 147 -990 92 -325 -749 -1134 -25 -198 -210 -1589 -1226 -1246 -1136 -3 
-456 -451 -861 550 -272 753 748 781 1275 1724 -373 -383 1388 -576 1186 -741 -922 -472 512 -1328 45 -1147 -1250 -857 -1244 -1065 -407 -345 357 -114 -598 863 -926 -1244 1329 -496 431 -181 149 -361 595 -452 859 423 -639 1064 -238 520 -609 1402 -1043 912 833 -654 194 270 430 -1024 -1424 -180 -760 363 756 -754 -1986 503 -1586 
442 264 1000 -276 -407 -599 85 576 142 1560 -278 -12 -1232 878 -1229 -93 -1057 -940 582 -993 400 -1199 -70 -325 -1316 -89 -238 508 47 566 261 -243 -184 -73 769 -42 233 -1569 85 -335 832 -364 -722 -952 -795 716 1067 -1099 1483 -567 -547 -1009 1537 638 317 113 74 393 546 -895 -1085 -512 771 -83 -781 419 -1634 
396 -870 492 -1195 67 -736 -265 461 390 -620 352 -1170 118 -648 -1056 899 407 893 1653 -871 486 -678 30 173 -156 -565 267 760 -396 31 983 -423 -333 -249 -161 -200 820 -470 -795 494 -1351 -59 -124 -401 -900 -81 557 -491 360 -621 1290 -792 -1331 -1053 -283 1435 -1654 564 1040 639 189 325 -430 -286 -612 -493 -147 
252 460 -1418 -1477 972 -572 815 -1245 -1379 326 951 -1175 -665 -7 909 872 161 -1328 1011 -1668 1043 -436 1517 -688 1242 -341 720 273 472 -880 334 -637 317 -945 839 -424 -453 -835 -464 873 929 -751 -1150 1243 9 567 -130 -1756 862 1249 -605 -41 109 -651 -611 -579 -370 19 -135 284 -262 765 -1156 263 112 15 -132 
-114 117 829 -1518 1057 647 -1021 48 1472 -770 -1038 1034 541 882 -81 -1637 -409 -636 33 1036 198 416 780 196 -1379 -1514 115 578 499 -1744 734 165 1140 524 -673 1244 180 785 -17 688 -129 1571 111 501 419 60 -670 -651 3 13 -83 -103 1051 825 -1305 659 729 456 675 1163 564 -568 764 192 769 -256 -44 
103 665 248 -232 -225 596 -393 84 979 357 -685 301 956 320 1165 132 -802 -304 137 1209 -402 113 -914 -611 -1012 418 1033 -792 -455 -1568 168 1439 59 578 -145 1542 -735 541 114 110 1181 -108 1125 291 -1148 1064 -1018 -1109 800 -430 -868 -338 -1032 -1524 -1126 148 -1534 1708 518 -33 -17 -277 -864 -1864 -1641 -362 -143 
933 -431 106 -670 -1021 148 -247 -876 517 -1212 1226 -706 389 347 -97 766 -1511 692 -124 -1490 1479 -94 737 -438 382 196 -828 297 103 856 720 -31 72 113 283 1362 1401 -37 -345 -1396 -795 567 -158 -773 139 636 304 431 883 573 142 411 481 -728 1138 1408 -1698 559 -940 620 -1382 -144 417 138 -498 -259 823 
411 557 -114 1210 1387 330 582 -568 -436 568 -481 633 67 -353 126 771 -1059 -1902 -460 -343 966 -1208 -111 -1324 1017 -1799 1190 1349 668 1895 -1022 339 1571 -1355 770 -1702 170 -436 -31 1802 -818 106 728 -656 -715 -1255 -1729 205 718 451 -505 -130 934 -298 -783 -410 -591 -1042 -731 -135 754 672 -925 250 707 -855 55 
-228 268 -1050 416 1085 -157 -75 -707 -3 97 -438 97 154 -52 378 -561 446 -1530 757 1038 -394 1109 -400 808 -487 1366 -1305 630 -371 -1200 606 1001 1552 -204 1114 -709 -1450 -1231 -404 223 -1220 -1009 1429 -259 1642 -237 -930 -554 1027 1364 -677 728 -515 -159 -204 -996 -14 -388 910 5 1405 691 -459 1111 405 420 -326 
1374 -255 -158 -254 -653 671 38 -789 -656 102 -212 1252 1046 54 1223 971 1111 1306 843 435 358 -880 393 -88 -127 -1735 -1160 -1489 -2 1362 1138 -162 -1376 -742 -1348 646 1014 1158 -873 1539 2 -1014 -564 395 -104 301 1455 -285 446 458 1657 202 -683 54 510 -960 -628 405 -1277 489 -351 1601 -656 233 -261 929 -11 
1173 -1399 342 27 -532 -426 -318 4 1197 659 -715 1450 418 1596 -677 8 -269 1011 -1610 346 -721 -134 -983 -727 -1207 1343 -1180 3 -574 -1506 -1144 1420 -494 530 -818 531 168 422 461 163 -1043 107 154 -273 295 921 -899 1251 -75 708 210 -258 1033 167 223 1495 -707 329 15 -324 -1390 -829 993 -1256 -1269 224 799 
345 -317 -600 -1038 207 -1245 -326 590 -275 -110 333 -559 606 509 -1100 -337 187 -1658 1291 443 1447 1076 1156 -170 -1265 1599 -135 -342 1234 -1007 -1015 -1431 -562 1032 -991 352 192 1041 909 -798 110 507 -440 224 689 1371 131 23 1611 985 1039 -420 -208 -1034 1552 -340 963 -85 -904 320 -662 -920 -32 1011 -1204 1473 503 
628 810 -834 1124 -52 -681 1215 1657 -238 507 -1391 283 -494 656 352 41 832 -910 -1453 609 803 -917 -13 -96 -177 367 -1452 919 629 -170 -447 -683 105 -98 1292 1298 -313 871 126 762 -116 -549 -549 183 1138 1380 -347 -78 -1413 633 -164 84 -714 -86 -1816 -411 -1408 1356 371 106 -382 -491 -103 -893 -645 -696 216 
1297 27 857 -70 -346 -1503 -932 -94 211 495 1111 90 524 605 645 1100 1268 1266 926 1415 -768 -1159 -95 991 1078 608 -1193 23 -52 -885 669 -389 -861 -52 844 -1358 -1204 -671 283 519 -1736 514 507 -633 1492 802 1409 -1655 233 479 -342 -1504 -931 760 -607 294 -205 -624 651 -924 124 504 1009 -1065 545 1311 -1105 
-487 -682 -72 397 -1393 1649 488 -262 -1392 1320 827 -69 629 -70 398 794 -223 -628 -1145 1316 -95 1056 105 -652 -1510 -122 -127 64 -861 889 513 -1100 1106 -1152 -559 -517 -174 1520 -401 -1428 -1301 514 273 685 -1652 -303 -393 10 -692 1307 -1067 191 761 267 -92 341 826 1202 -561 -308 833 -871 563 536 -305 859 -174 
-580 349 159 924 -588 -416 -25 -297 -678 -1032 -1561 609 151 -435 -1386 575 -608 153 -1642 -1378 -1471 1577 -545 1206 -301 -1403 983 489 -856 806 25 741 1615 1181 143 591 -386 -652 42 367 -37 -1251 1077 351 -1100 1006 412 -730 511 -360 -224 -519 584 1537 -801 372 -1335 298 375 -96 -304 911 -339 643 1040 458 -1765 
-46 779 -686 1380 1396 681 58 -1209 1101 1067 1280 -1492 549 367 710 -257 -381 782 -108 515 740 1136 -1377 1131 -893 -1330 1166 -730 -759 295 66 -400 434 303 214 -788 562 -597 -838 -1623 568 -1767 -1401 -669 11 -1242 564 1792 -1042 -640 -685 343 122 -104 -1778 -846 -179 -386 -181 1191 169 -1440 264 -39 1059 -817 430 
-932 1136 -219 -630 782 -488 1477 -946 -1198 -41 -61 144 230 847 -321 15 -41 -1062 908 -475 741 577 -223 31 -1367 -234 51 22 764 650 -616 188 385 274 -470 788 89 64 27 -427 1317 897 -47 362 1634 581 940 -163 -141 565 -1157 -1573 -958 520 600 -1468 289 -548 1164 -1247 83 1011 163 -1056 -1012 -1158 1700 
136 227 -764 81 -881 -86 -70 299 1605 615 -41 -449 3 1675 1008 1182 -1061 -943 -1232 480 921 -1505 984 -345 588 805 636 989 837 157 -50 726 -1866 886 -124 -130 -333 -54 -242 1381 345 886 129 1420 1007 -578 -219 524 881 215 1249 144 1001 -593 -646 1018 537 -1047 -65 -344 -1204 -795 1170 -156 19 513 486 
-219 162 486 704 -73 -907 1487 -619 -590 470 -206 843 -1311 103 638 131 -609 878 -187 -363 -996 -324 -175 1445 -130 643 45 -939 133 202 -71 268 498 -661 786 150 162 592 -188 1113 -992 732 187 364 1167 -899 849 -723 -654 -930 -88 488 -1349 -1569 -324 -252 8 -182 161 130 973 1116 -386 -793 448 -185 -510 
-1161 -542 753 -680 -1502 1029 604 433 48 46 -20 -1015 -649 157 226 1270 -60 -193 989 -155 694 -581 1568 -649 685 364 -843 1155 623 -918 -233 -1549 184 432 135 367 -92 358 -721 -1074 -561 861 -300 -1094 1132 -376 -58 -171 -136 -261 -222 -150 1213 -184 475 -1416 -1468 -329 227 -321 1078 867 -930 -903 1252 -284 1691 
-429 -1518 -53 -728 -1042 672 -1350 650 1132 -34 442 -1153 445 942 -873 -769 -300 -332 231 -806 -142 -697 -53 699 -365 474 1537 1034 254 -263 56 -530 250 -1604 298 262 895 -850 469 -1507 -476 1043 -1180 112 514 327 -948 -1373 -783 -62 200 -1188 -395 596 -1438 -181 -1031 -907 -1111 1614 -1418 -904 950 274 -717 -615 680 
-132 1347 1302 -163 1809 -447 -164 -252 -348 -86 500 199 -21 -451 176 1071 -348 670 -311 -1481 1411 -231 8 -103 -1464 -426 -410 -775 568 -1162 -450 -1305 -665 -936 -388 -1036 -14 -829 -655 -326 1745 583 -770 1194 -745 -94 629 -431 770 -1316 -876 -414 95 -574 -1233 -939 1108 666 -1168 973 -1042 764 -1538 -1166 405 -75 -17 
103 1776 -357 408 -213 643 -629 -741 -754 -648 -960 625 -752 -141 -1086 1086 775 -485 205 216 -345 -651 1223 -721 1381 -989 844 320 72 855 -1170 551 -1015 -893 -1691 -1116 -614 351 -773 -782 -547 -851 -526 1553 -869 -522 437 -553 -262 -586 42 750 850 -597 1448 583 -408 -1406 -519 -591 -421 217 589 -1959 -948 -991 1379 
-1200 -1063 167 285 -646 -374 826 877 76 334 -287 98 17 448 1042 -211 1726 -314 18 249 -693 -1500 689 1294 822 1338 -278 36 -1301 -1118 1014 105 493 -1057 -1520 -968 -1447 510 -81 -997 -442 1355 288 1848 -599 -1221 584 -333 949 -51 -25 -388 234 -1172 -975 819 546 1178 1265 459 84 -1292 42 -309 946 111 -31 
