Please enter the number of rows: Please enter the number of columns: Enter Matrix A
Enter Matrix B
A + B = 
31 617 -34 563 887 -212 1638 323 654 -415 -1108 1697 144 614 -800 -87 432 -1111 967 -4 1388 -292 1472 418 1225 624 -749 -185 403 273 74 -388 -467 142 -390 -623 692 396 -882 -206 1535 77 633 1051 -1143 -59 71 823 -226 149 918 -174 93 -335 -836 -734 -36 532 480 -182 1355 -465 -836 -1242 -139 1045 -1137 -609 939 -347 -366 -1243 1478 -475 -293 -1014 1877 
713 -152 -712 -1413 1083 -805 275 -681 -263 215 456 -1522 747 1666 -1584 602 -22 -849 937 -241 889 1049 884 821 -1751 -1416 91 147 396 -1090 -938 698 -1223 -1060 -675 -614 1214 1590 -1653 -1020 855 1124 -496 -1645 221 -474 -82 -154 822 50 -4 743 380 271 -275 -55 -1062 178 -646 746 -546 1930 -656 360 -1668 670 1360 96 -65 -92 1448 -143 1419 1400 -850 1495 -523 
1646 790 968 -882 -850 -1354 222 1363 388 -692 1006 -1244 656 1241 220 -221 -451 -614 -693 542 1652 50 -1337 -793 409 -154 521 650 1545 552 -742 -367 840 -895 -1645 -88 -553 1581 423 1255 -434 180 817 740 -253 911 485 -1744 533 1537 -248 -123 -1661 -369 -1403 586 -196 -433 -341 362 -1123 -171 -194 1 1233 -762 -620 114 -659 871 -1436 -414 158 1651 -1337 639 -958 
578 140 -232 -1068 800 1309 317 -96 1077 -594 -167 -986 -225 110 890 -15 -377 -979 884 -1376 -464 -815 -1209 509 -836 -1227 951 -1571 208 469 547 20 -793 916 1038 853 891 186 -876 -1225 1269 1859 -403 -1395 -97 1073 758 871 -743 1229 -73 836 412 948 -1661 -1574 -259 1153 733 -1184 337 -53 -1592 -1155 -988 -582 1544 -1793 1145 572 262 143 -1061 -595 -1654 -886 -563 
-313 414 260 -137 -643 -206 265 -598 26 913 59 1171 -507 585 -159 -954 -1094 -1679 533 -829 -1536 389 457 25 -718 -220 -98 -1135 212 -93 495 990 -218 -723 66 -1844 -1411 -806 608 -306 211 -1371 -1354 -1198 -636 -211 1341 -1502 208 -186 1268 -255 4 -367 -89 -15 961 882 1657 -1020 -1027 -1884 -1253 452 -408 510 -530 1157 -1371 970 694 571 1213 -1675 -673 391 -926 
-1306 687 -81 -888 -1044 -1006 -403 -754 -195 1032 -470 1054 -671 -303 -688 351 -345 -644 109 -1488 899 -35 117 -180 -129 -1042 -1031 1299 1347 715 -718 -63 652 16 166 -801 -139 -416 -711 648 -65 1279 -67 515 -1150 588 -692 657 1408 -742 -485 -749 642 373 -890 -1426 -126 206 -193 1029 -108 473 -103 -1605 -76 665 1280 -1089 -1122 -178 65 -7 484 -1048 -110 -325 -448 
-73 864 713 800 -234 -144 -278 -419 -807 -1615 1431 489 10 -270 -354 403 -905 1717 177 -136 -264 282 -1217 -37 1353 300 -147 400 -629 835 -51 727 1793 642 400 -739 1276 1104 -833 901 -583 -454 230 399 804 -1278 -97 -97 16 -454 384 -1715 234 -1528 -937 360 -896 -48 -1362 511 45 -1122 -723 -1119 1017 965 -101 -93 194 675 1859 -747 1101 -590 -478 470 -1760 
135 -274 700 569 -311 855 193 -782 -107 -632 1276 132 -987 1599 -597 314 -1063 467 -702 -349 1386 37 550 -649 443 -85 508 664 340 -995 645 1735 103 1053 -28 471 250 -1014 1021 -315 -1410 -847 30 -211 -410 431 -738 804 951 259 570 -1235 -137 -393 -1250 -893 1477 161 -552 645 -922 184 -232 544 1450 -265 -934 1700 -666 491 -942 250 811 909 73 -1203 448 
909 37 1558 707 180 -1736 -9 1108 -1 194 -189 -823 -125 -126 -123 -65 164 -819 -307 -161 -1132 830 970 50 -501 1585 107 -174 1066 -1574 603 -451 256 -734 -471 -927 -1029 538 594 1123 634 422 870 -383 -1097 -81 -514 1748 752 -280 -466 -166 -1271 709 -282 -1159 -573 -1082 -1352 82 527 251 194 -774 -280 -756 -454 -616 -253 -870 484 -351 -74 394 1279 1027 -1595 
-1734 581 774 272 770 -747 311 -144 858 1363 -90 -411 732 379 -283 982 -428 161 -593 -85 787 468 1212 -475 -669 -116 98 991 -274 -257 749 -1524 -1304 -66 -182 506 931 1304 -937 1316 -63 -91 1695 1775 539 -956 -293 -967 -1149 100 -484 701 -530 887 410 -184 -234 677 1057 -428 -682 -953 501 677 -846 -1456 -304 952 -1409 -1260 1153 297 -1252 -263 502 28 -705 
-1186 789 348 33 -835 -742 977 1374 579 1043 1238 -706 159 -65 1384 -905 -680 559 843 470 1690 -317 1065 -1353 -1318 1036 -1558 624 1059 95 -510 50 50 -575 -234 322 -934 -219 32 736 -23 -931 868 -388 -412 -551 -1633 556 389 593 -1712 763 1466 -1367 -1001 -737 576 339 -1516 -1500 772 476 193 1096 -432 339 -123 220 -110 678 47 740 -22 1590 -552 839 -30 
279 870 869 -534 987 -147 -82 257 -508 -96 -519 1509 -1613 -475 -374 54 1796 185 1681 120 434 420 957 -1645 -223 249 784 -464 921 -888 292 -1330 -69 372 -591 -688 -895 -1466 -532 -856 -452 1543 637 -631 -366 6 762 332 1039 -217 -596 1524 250 -558 -1344 26 977 -197 1329 -214 197 -1222 -539 135 754 -214 44 -134 424 -514 123 -528 994 1052 -619 -14 1363 
-720 41 415 -173 -210 -457 -114 603 1083 957 474 725 -1101 983 -421 -1072 -49 -1346 1064 726 -703 -896 -223 -83 -247 -303 -324 -1205 -1139 -1365 -399 175 1185 585 -240 101 -136 -872 -4 -527 412 -1265 -1333 1750 692 532 969 790 154 1316 -506 50 750 1504 311 756 149 -1247 1808 -130 -853 470 -82 62 190 -452 980 521 -120 -96 993 -549 1735 -305 -198 152 958 
-1655 1123 -465 632 -1432 325 -1452 261 -616 140 -1040 187 1244 104 -8 -255 -613 -376 1077 -224 -372 395 166 865 -1136 847 136 -1517 -987 -173 523 -311 -1293 331 -673 -186 -52 1849 125 141 1314 -144 1671 -1454 -37 -1109 -202 692 83 -846 -1009 866 924 -1043 -44 35 9 467 -705 -336 401 -571 725 -4 119 -739 885 253 -1349 -615 -428 1741 -1174 -961 762 1039 -581 
220 550 -1012 1022 -510 980 -867 1098 -935 718 94 249 -1609 832 -636 -1156 -598 855 1462 620 792 -147 -452 -54 -202 -538 125 1147 781 -397 391 -916 400 1046 -387 1177 -70 639 589 842 1180 673 -1026 1250 -1005 -137 70 24 -31 -1628 797 -593 402 1200 89 1111 234 78 441 418 -265 874 706 902 -306 527 885 581 -405 -40 -189 1319 1030 675 1603 -1733 694 
1333 59 554 -1198 -155 1540 936 297 -341 495 -627 -1277 -1026 1067 358 -271 123 -304 -1416 453 -70 -751 -775 318 549 50 -645 -709 298 97 188 609 -351 -256 457 -223 -494 628 1652 -1007 201 -894 1092 1303 165 514 -860 -465 -698 636 1446 394 -164 -1298 -192 667 -219 -299 1101 -1376 872 -488 1689 -965 23 -1332 1161 834 725 235 -1301 1420 1375 1233 259 -1618 -570 
680 633 646 -614 569 -703 895 1195 -770 794 409 -919 -1345 149 -397 -144 359 -849 245 -1781 -52 -703 1227 1097 -1506 -65 970 896 696 -13 463 -691 774 64 -121 -557 -1352 -93 106 243 253 -1650 498 -177 664 437 141 -5 136 -160 907 -1422 -326 189 889 86 1023 -159 449 -1237 -376 -170 -594 -992 1081 -91 -275 1024 934 207 -489 -132 195 -746 -104 1180 1402 
-1678 175 467 -454 -767 -227 1743 -1260 -1121 -382 -315 -249 -377 -194 -432 860 -535 494 735 1069 872 -398 -622 185 -59 -164 -1100 371 -566 -177 -380 339 777 1494 674 396 465 174 -57 649 -1342 319 -590 -731 -715 222 842 1151 -25 -147 -1746 345 -1141 -1223 442 1071 972 168 -895 1236 196 984 715 941 6 131 -449 253 607 -3 -136 -181 -161 780 -980 -1236 827 
-1143 -825 -123 327 -1184 691 -659 -1113 497 -30 -120 405 1471 11 -718 949 -450 189 -830 786 645 -556 -592 207 539 539 -1021 -593 -553 -1052 -776 -554 471 -1285 384 -136 -952 -720 -1243 -386 -476 -343 -1399 545 1528 1232 -938 216 -611 -216 1207 205 421 1313 173 -305 -1094 -1215 -1130 405 621 -81 298 -369 -1117 1430 1121 -248 1500 -178 -12 625 -1510 1553 -1508 31 -198 
789 476 -383 -895 -827 800 773 -137 -51 607 1316 1336 1492 952 714 -891 1680 -1059 -737 -522 153 -20 443 74 269 991 44 -459 -699 -1075 -736 -75 -134 -750 -59 724 -555 -977 -1285 -238 -487 -438 -537 200 375 -815 -957 -522 -339 -398 -475 -17 899 -153 -86 1241 260 -275 -1471 -29 351 -362 -191 -1584 -61 -173 -581 -830 -271 163 294 -348 605 -130 772 -815 -259 
-221 589 35 -361 953 110 -1267 771 392 1355 -401 -1222 -982 -179 1134 -924 -466 -263 -767 179 233 -1930 -547 435 1525 205 -410 -71 591 489 632 904 -754 35 -178 -1328 1128 13 61 12 -403 -165 -716 -452 -1046 12 358 156 213 1094 -201 103 -574 -69 1066 -144 -163 -672 -1064 -789 280 1152 701 353 911 -903 766 283 451 -822 -994 457 -1023 -836 22 35 569 
1643 -339 353 232 124 -1868 -600 944 298 -577 1739 -1163 -425 -1542 256 240 76 -33 -957 -441 36 307 262 -756 116 173 -553 -219 1829 -619 35 530 -202 -134 -309 -925 245 115 1020 -549 -533 1454 1197 -306 -836 1287 -276 -435 -1050 -1016 520 -116 163 381 112 245 -1549 -1406 721 1708 1074 335 267 707 336 1287 -667 -676 694 -746 -748 -509 -627 1044 -123 -16 968 
-289 -1244 173 39 1826 -623 460 93 529 1156 -448 211 2 1036 229 -563 -598 545 840 529 -807 90 324 1393 690 -777 60 -406 235 -277 -232 1361 14 1366 -1220 -214 1087 1593 -610 -861 -167 1486 -482 329 1114 -70 -644 -325 588 604 832 396 -1155 545 -595 -893 749 593 -1492 740 55 -613 -58 -485 1079 -299 -563 1484 386 839 -1783 806 1289 1715 1244 -1273 -811 
-283 414 1145 -703 -933 -460 321 1032 -43 -9 6 -857 -1255 205 741 -326 730 -342 1355 -843 -126 -180 -954 -826 995 698 1217 -292 1041 -1305 110 107 -547 459 41 -916 1225 -742 91 -1369 827 444 1534 996 -538 681 -66 -152 -225 -1464 1673 35 411 162 -71 646 -790 695 836 -269 -360 679 34 1088 831 -356 1024 19 177 -1170 -746 -568 1095 -576 399 756 1301 
150 199 -225 1666 -233 -1456 -252 805 -402 -1030 -683 748 -930 404 -684 381 -585 -738 81 -364 -1043 -210 -462 -407 -843 697 72 -161 245 554 -1577 869 790 261 -406 -1023 3 597 -1259 701 -1339 -207 821 1305 -749 644 1808 207 702 1128 -1117 618 927 363 -633 706 -88 -1247 -1480 -542 206 758 -690 -324 1488 -374 -1286 -255 -529 70 -421 929 -511 647 111 -662 -1006 
-1587 -1085 567 -165 724 -1089 -896 -860 -552 407 592 -1313 -30 -151 -582 1219 -342 -322 -676 -1224 899 -251 -429 642 1262 8 1524 -470 486 -284 864 -799 552 -109 630 6 -1506 -685 -407 -131 294 -1052 636 -1271 -1271 -148 1374 23 -1611 89 -1057 -817 -785 -423 -908 -991 789 443 1144 -300 -888 -14 -842 -911 647 428 142 -863 -1797 1133 -263 -1285 84 849 -286 1128 -873 
1180 1110 667 490 1448 1075 -1592 -1237 -964 -452 660 -194 -1458 -366 -918 930 84 528 -1131 -1266 585 236 -923 253 -96 1610 -1749 1791 198 -1224 -69 -1418 923 -777 1749 -693 -902 -719 271 -393 1116 971 -24 -496 -1215 119 -10 149 -79 -1248 -191 370 -571 -438 1467 -513 -1122 -934 -1030 -559 -1172 1354 267 441 508 973 992 674 72 345 -1210 -488 -163 -658 -761 253 -765 
-766 -168 -207 -1294 831 549 -106 273 -632 -932 -400 597 1213 651 -74 -394 -867 -976 1520 -1822 -1537 525 1261 -1100 -945 -1772 -815 76 -110 1817 319 -1221 -661 -1007 459 -99 -308 709 1184 485 677 1054 -226 308 177 -406 -285 57 -315 141 -1287 691 -180 -582 -361 -585 89 -279 1505 -799 -616 -123 -714 83 75 -1244 53 -512 744 -525 165 1210 132 1662 1633 942 -119 
-1201 -366 731 1919 -5 371 -782 -327 349 67 -422 1099 -865 962 -371 1131 490 -320 -604 10 -598 -718 795 725 -580 324 -980 -55 -1673 -402 -849 632 167 1307 -832 -408 -23 95 -172 819 764 829 -1304 569 -788 -568 682 -366 979 -775 1242 -996 1350 -184 1714 -1297 325 651 1233 1104 397 -1485 -67 -538 -1571 -1505 433 -1649 273 -521 -700 1275 -577 1320 -240 442 1417 
-757 -881 201 -688 -350 -712 172 -27 -421 294 -849 -76 -1765 -357 1192 221 1400 158 146 -82 289 183 371 119 1101 -25 -186 1286 157 91 1238 1148 315 -811 -484 642 -259 -1343 -608 501 -313 -1686 175 -1049 48 114 -197 -566 1232 619 1808 1010 -678 -322 454 -1652 -1321 1515 1721 -1220 584 -454 97 -747 -963 -646 -921 324 -927 -1986 1309 1480 767 517 1032 319 789 
-718 1056 1740 -1294 -746 684 310 -967 -664 -1059 -1019 649 154 174 571 -596 -845 -1549 719 485 -1788 1003 -894 49 -615 1121 -263 -803 944 638 -1296 -502 -226 -330 1464 -1275 -1091 -647 612 101 -835 -132 -60 255 752 607 527 82 -153 135 467 -1447 -1257 378 -1771 825 -904 -276 1030 1345 128 242 -283 -725 -1055 -581 889 -420 1439 -23 -1534 911 986 7 -845 925 -254 
311 -203 936 892 -7 70 -565 -229 -1250 724 652 -10 363 -602 -347 1307 753 -520 -492 -283 -212 804 -78 -1125 595 -640 -1601 1599 -70 1097 1371 -747 253 413 497 -1546 -536 583 -713 -158 294 88 -235 -184 308 -135 -556 -538 -370 633 -690 68 -610 432 94 -174 414 1017 299 -11 -229 -560 -286 134 487 -492 574 -443 -361 -1384 -417 -360 993 322 28 -21 1367 
432 1393 1044 1440 1872 866 321 370 -1734 500 -1645 -91 -1886 286 489 210 -888 230 -328 -30 -984 -1189 -464 108 -904 815 -359 -920 985 107 -94 195 675 386 -814 819 808 -24 1034 1183 54 731 -309 1797 -1368 1365 -1377 -1400 -1056 1561 286 -558 1007 667 1115 -340 197 -433 -573 -116 49 -132 1703 1286 -1082 570 -1171 4 441 643 985 142 -563 1605 -362 -218 -1433 
914 -1712 410 497 -745 -573 1213 -655 -285 -1232 1334 1073 -1315 -1085 292 -1180 1570 -967 220 424 620 1302 -323 383 66 -418 95 -640 -343 -373 -809 -619 -801 528 778 412 -370 1019 345 538 353 1044 -810 1670 545 1166 1530 -16 182 1776 -977 -1683 -172 -1133 -1214 825 493 -1154 -117 -1028 -848 -633 -190 -760 1543 -144 -476 -434 -148 827 -59 1077 126 622 910 -1028 425 
-551 -958 -1498 -1195 415 -700 1410 -248 -930 -954 -1020 54 12 -475 -288 690 -653 747 -216 -497 -421 -322 243 1178 948 -1319 -59 -285 -436 1317 900 -1712 485 1604 -726 215 -293 -130 286 -1034 1 -1689 673 -374 -43 -371 -441 398 -4 -1038 -337 -307 -1491 -1012 206 -1103 1152 55 -1286 -756 -1196 -69 1183 527 -456 328 -1287 623 338 77 -1135 -1336 -374 347 363 -1099 168 
972 635 -1480 1055 580 -153 -1132 171 -210 103 80 28 -281 -671 -190 -53 -1316 254 -995 -589 1708 533 -141 114 16 -1529 83 700 -335 -1686 559 -1022 -1402 -616 1398 532 -1373 359 319 384 131 910 885 728 1187 438 -664 748 267 800 487 -163 1471 -40 -114 944 1523 665 -1194 -346 -192 -497 1604 -1016 -213 377 1147 -1417 265 30 449 -884 -88 211 84 236 -313 
-815 1126 873 443 603 946 -483 -1342 466 -223 -286 726 -257 1035 38 936 -932 596 -1210 -198 -233 -779 -405 1 -1188 -365 -155 -26 -170 1664 -151 -484 -405 583 145 283 604 1426 -1234 1300 372 -300 1758 661 129 190 1181 -141 1397 -418 1615 181 1457 -516 915 118 759 782 -341 -795 -1314 377 1052 -1360 -1168 444 -109 1355 -101 -349 523 -514 1281 476 -534 362 -694 
765 505 187 -649 783 -576 386 -539 -140 -1526 531 -507 503 -1549 -1271 1154 1071 141 -522 1192 59 -413 -1087 930 -58 -301 1576 22 665 1270 -622 -869 -235 1238 367 165 1192 -559 -726 -580 -829 -379 -497 852 38 -768 -20 1720 808 -220 739 -982 671 -1113 465 559 1658 1023 -25 70 624 223 652 -467 -113 -1042 -725 -797 729 266 -1672 1221 -190 595 -1752 1016 -897 
-1626 -590 -214 -1133 1488 258 236 179 854 117 -400 393 541 501 1453 654 -471 -23 -494 207 -126 167 -1732 -46 658 868 -22 1522 940 165 -51 1550 749 -371 728 -552 472 342 -171 856 409 -1028 605 330 211 877 -5 292 -581 1102 1156 -1068 340 -540 872 357 380 297 176 3 -402 1269 813 1686 545 -626 -248 -91 -582 -1536 1244 1156 1480 354 -3 552 1725 
-634 -1795 -285 761 -398 -656 340 -62 -646 -1223 1031 276 -1093 1602 -1392 -213 -377 -128 455 863 -932 381 -120 -826 317 443 -1370 208 -653 -579 368 -1547 -1688 -372 1766 -214 -1552 -271 -1055 1143 -78 209 -1032 39 545 -733 606 559 500 838 7 -200 67 310 -533 -635 -832 -738 -600 -607 112 1318 885 -74 268 474 1041 -533 636 793 728 427 -14 348 1268 -210 -946 
-835 -1770 656 1174 -1627 579 -150 -1523 -268 -555 -563 31 -113 -79 878 -392 -152 775 743 -101 1775 -583 -360 117 414 968 1272 -600 -212 -1219 -373 -683 -442 521 336 599 1009 727 1427 -355 -398 -241 -641 -742 -1050 -306 685 88 -779 -1503 307 -843 -79 -1436 619 163 1051 -339 -1563 -452 63 -823 -476 -1402 940 -1330 381 -1081 -1118 18 642 -551 395 -924 -1352 118 -1616 
55 -189 -281 247 -495 -887 1241 1645 1040 -386 271 -524 -227 -1394 -162 625 762 783 -915 409 -1575 -1062 -869 1654 -434 1650 -225 -249 -435 -485 1270 408 1461 396 -117 611 -759 392 -410 -1293 -617 231 -1316 -1397 1333 -865 8 430 287 51 -1181 1167 1392 262 909 530 -804 -40 1435 227 -22 772 566 1066 1256 -807 -464 1087 142 -498 -679 -770 -1419 387 524 276 -326 
1061 1222 726 830 -906 1012 -1133 900 745 -937 108 -1418 -339 -1082 -228 -1749 -79 -1200 138 412 -1593 -1000 -657 602 -101 -738 1485 824 1 -487 -1596 -749 1147 -1196 -1247 -701 324 337 -233 455 931 358 -165 521 1183 -339 -284 1628 -876 511 17 742 -688 -426 -585 -677 110 -196 16 502 266 -581 1009 -1002 -607 1515 534 1117 711 -129 344 -412 -260 1278 -630 -87 614 
619 -1455 -633 120 771 -187 1139 108 644 -1069 183 1557 -30 1240 -108 -552 -162 -449 -161 141 -734 155 614 593 -1402 -103 -458 -1265 -110 384 467 -1030 -28 -75 351 786 411 -672 1211 -689 476 -607 -247 577 1143 -626 -499 293 -320 -1509 1369 324 172 -480 -551 167 176 920 799 -1287 -366 -418 -328 299 -703 -430 -1225 -1424 -448 -338 34 595 1360 829 711 -1326 1706 
747 -46 628 872 -425 -217 -148 -552 1360 503 95 743 1378 901 -1198 -422 -1113 443 179 417 -203 -568 840 195 1284 11 176 -1076 -394 355 -241 -53 -20 -1592 802 -284 99 -698 62 -7 814 240 1338 -32 -407 -264 1499 -61 846 -599 1241 -1113 1654 -1304 -1234 695 707 -1769 -60 795 -948 957 -980 -1441 1345 -441 -1805 -861 -626 956 -275 1869 58 -231 -702 182 394 
-176 622 1325 -828 1273 -189 247 -794 56 417 869 285 940 206 -344 501 -678 -813 351 313 431 865 973 977 479 -1292 294 -142 -166 716 499 218 63 1107 -123 606 -526 -1815 -699 -487 713 -341 -1616 646 -481 -823 755 -386 365 665 -1617 -711 -581 440 -707 375 -1028 -143 1143 1064 -162 1 -488 1142 208 -654 -504 895 205 -916 208 451 1114 -284 1627 -1133 -556 
1245 -144 -408 -216 -90 -593 -7 -635 460 261 -912 13 484 -944 824 -264 -742 -1516 -855 1066 1783 -1681 -189 -65 -5 566 -498 -1511 313 70 -280 148 -272 1255 -317 -889 1384 -1835 -245 850 -198 -111 1715 -532 -936 -282 436 -314 -1066 -556 -773 196 1155 557 -795 -1582 812 -1311 1751 887 -54 -208 1410 291 -298 -58 -1184 -1114 -1739 -758 -1035 -558 609 469 282 70 23 
167 -293 255 -1318 -446 -422 775 -763 -114 1011 -200 144 -261 567 268 -1147 1058 -679 408 19 -1275 -103 749 -526 -866 -241 818 390 -239 653 -19 -854 -171 1064 24 1189 660 1454 742 -196 413 706 -108 -44 -314 1101 294 -759 578 -625 293 720 386 452 -80 648 -366 807 -463 360 469 -371 118 1641 1057 32 633 -1273 1133 1495 -1550 -669 682 179 -501 1 -137 
407 -235 193 1512 996 -503 418 -313 22 -202 887 1109 -1026 415 -886 1216 -726 1662 -606 851 -2 -1072 1159 387 952 1305 -29 1353 506 322 -1283 -263 -1058 -767 -635 -540 546 -760 -963 54 -586 -301 -457 447 1220 -1340 1112 1757 -955 -1438 -739 -1715 -307 -996 197 1404 -1316 -1501 25 -567 633 -56 -817 -57 -901 -1184 1034 136 855 -639 -922 -350 -241 -781 -705 4 678 
847 1234 2 1051 -115 -209 -1043 178 682 -321 808 -280 1077 -90 379 -970 985 405 48 -109 68 640 -373 -482 201 21 -189 1790 -709 -83 1527 880 991 957 -501 168 701 1438 -8 -528 1193 -879 -116 786 334 414 -1385 831 -332 -1214 -1585 -622 1166 -141 998 802 -533 -1836 830 -668 -74 -471 -175 -377 -472 653 142 -475 -664 -109 -67 1062 393 0 -176 1256 413 
13 531 -38 -11 -1933 24 -235 -792 -1714 129 1742 -570 1713 489 751 -792 580 238 663 1539 -198 574 569 751 -415 -844 762 53 -88 1075 -15 -1098 -1082 1114 -343 -14 -726 146 -862 -1208 -1583 -268 -303 -1527 468 257 -414 -820 1863 19 -367 -1183 -864 -1469 919 463 -162 -499 1139 1229 1057 1412 83 -291 -903 -610 1266 -216 1124 1218 687 -1131 1064 141 -1024 1174 -842 
492 -115 945 284 193 -431 91 1852 1104 1493 -260 -442 -1443 1343 -755 -1177 -1045 322 -660 1536 539 897 475 1233 -813 -1278 -931 -689 -501 901 -69 -553 631 351 -758 105 531 1609 -163 189 228 -425 -1782 929 -1142 -354 1129 -833 1204 -676 -309 1648 1041 -961 -1355 1486 1038 -1419 -302 1199 -667 299 647 -349 1173 -713 -681 97 589 -456 -171 945 -6 1077 262 -684 -35 
330 597 -1653 1479 -303 349 -1000 -690 583 126 1415 -127 -1547 -1072 187 -303 -807 -176 -919 281 -306 -63 579 1210 1177 805 56 317 477 423 -500 1300 349 344 553 -1023 -1392 1662 -1521 -1645 190 473 473 -537 -997 803 435 -87 452 -1225 490 499 331 -27 -645 1083 481 681 -1477 -733 -94 736 1275 -127 -599 -1680 -506 313 434 -144 -474 734 281 648 -38 -167 1206 
419 -861 -1484 -206 362 -721 1429 526 -2 -1143 -1646 755 -602 965 -673 120 -411 -244 -364 -1675 1261 679 435 1341 53 -601 -184 268 787 -260 371 -247 528 369 -345 -404 -48 -1051 -549 610 -16 933 -296 -184 -968 1450 -1451 15 -636 -1499 -464 -50 -737 583 1439 -986 -706 1100 -283 -962 -400 575 -261 844 -1379 101 223 -1062 -1731 -676 1585 -1307 953 -742 -1074 1409 643 
251 -305 -296 685 -359 -422 -56 -1480 1015 1120 -1425 -141 -999 -855 358 -791 -957 -1849 -1725 605 1280 -34 -1626 -199 -527 612 338 799 -123 1584 -577 1121 -400 107 156 -309 192 448 -602 -29 208 -220 1137 408 578 819 -235 349 858 1698 432 -613 -194 657 289 -173 -359 933 -464 -1155 -646 1658 1313 -513 1570 -688 444 1097 -498 1204 -1571 -56 1593 -92 1583 -866 700 
-110 -580 152 517 203 897 759 513 665 -819 496 432 1188 433 -266 33 -1354 -981 363 935 637 415 1166 -292 -370 -815 1294 -187 571 -324 -1146 -360 572 455 782 -856 756 1295 663 369 956 -362 721 -178 -432 -92 851 -1822 361 98 -1 -187 -103 -21 243 -47 532 128 206 810 -651 415 1785 -594 316 -1149 672 633 1399 513 -334 133 569 826 -195 -111 -160 
